5.000000000000000104e-03 1.441363645800000086e+04 9.493171274000000267e+03
1.499999999999999944e-02 1.996101393299999836e+04 1.610856301999999960e+04
2.500000000000000139e-02 1.735456530800000110e+04 1.375196934300000066e+04
3.500000000000000333e-02 1.328190318200000002e+04 1.089137059100000079e+04
4.499999999999999833e-02 1.038657997600000090e+04 7.204409854000000450e+03
5.500000000000000028e-02 9.142462401999999202e+03 6.982228173000000425e+03
6.500000000000000222e-02 7.929568500999999742e+03 5.818748188999999911e+03
7.499999999999999722e-02 6.798378909000000021e+03 4.833213198999999804e+03
8.500000000000000611e-02 5.782979191999999784e+03 4.238507300999999643e+03
9.500000000000000111e-02 4.650353468999999677e+03 3.315257281000000148e+03
1.049999999999999961e-01 3.955011887999999999e+03 2.749353543000000172e+03
1.150000000000000050e-01 3.603926695999999993e+03 2.544698081000000002e+03
1.250000000000000000e-01 3.275319891000000098e+03 2.358026766999999836e+03
1.350000000000000089e-01 2.935956486999999925e+03 2.047519187999999986e+03
1.449999999999999900e-01 2.627218615000000227e+03 1.791945097000000032e+03
1.549999999999999989e-01 2.295978318999999829e+03 1.618423354000000018e+03
1.650000000000000078e-01 2.047081251999999949e+03 1.424902376999999888e+03
1.749999999999999889e-01 1.847084133000000065e+03 1.259150227000000086e+03
1.849999999999999978e-01 1.716210336000000098e+03 1.144422751000000062e+03
1.950000000000000067e-01 1.592629676000000018e+03 1.045370372999999972e+03
2.049999999999999878e-01 1.452186590999999908e+03 9.327896869999999581e+02
2.149999999999999967e-01 1.332343579999999974e+03 8.172124469999999974e+02
2.250000000000000056e-01 1.215128807000000052e+03 7.625327479999999696e+02
2.349999999999999867e-01 1.131378656000000092e+03 7.166044839999999567e+02
2.449999999999999956e-01 1.048419595000000072e+03 6.306770330000000513e+02
2.550000000000000044e-01 9.871840359999999919e+02 5.728260910000000194e+02
2.650000000000000133e-01 9.161487899999999627e+02 5.318343399999999974e+02
2.750000000000000222e-01 8.552710899999999583e+02 4.966514710000000150e+02
2.849999999999999756e-01 7.978342089999999871e+02 4.427253450000000043e+02
2.949999999999999845e-01 7.457941700000000083e+02 4.050523600000000215e+02
3.049999999999999933e-01 7.002056260000000520e+02 3.867533320000000003e+02
3.150000000000000022e-01 6.642896449999999504e+02 3.519106659999999920e+02
3.250000000000000111e-01 6.283898520000000190e+02 3.265483820000000037e+02
3.350000000000000200e-01 5.921778829999999516e+02 2.943599730000000250e+02
3.449999999999999734e-01 5.594910059999999703e+02 2.768541349999999852e+02
3.549999999999999822e-01 5.296849700000000212e+02 2.568839239999999791e+02
3.649999999999999911e-01 5.019900240000000053e+02 2.296990380000000016e+02
3.750000000000000000e-01 4.758546709999999962e+02 2.148543850000000077e+02
3.850000000000000089e-01 4.532029529999999795e+02 2.011770309999999995e+02
3.950000000000000178e-01 4.288600500000000011e+02 1.866791120000000035e+02
