5.000000000000000104e-03 1.580320859899999959e+04 1.716458249799999976e+04
1.499999999999999944e-02 2.016337165200000163e+04 1.705185444600000119e+04
2.500000000000000139e-02 1.732202657800000088e+04 1.449269925900000089e+04
3.500000000000000333e-02 1.344852976499999932e+04 1.015327267399999982e+04
4.499999999999999833e-02 1.036696092099999987e+04 8.115709896000000299e+03
5.500000000000000028e-02 9.139508084999999483e+03 6.953880199999999604e+03
6.500000000000000222e-02 8.019246216999999888e+03 6.158865318000000116e+03
7.499999999999999722e-02 6.878637392999999975e+03 4.916576627999999801e+03
8.500000000000000611e-02 5.730656708000000435e+03 4.309474699999999757e+03
9.500000000000000111e-02 4.719530271999999968e+03 3.419890549000000192e+03
1.049999999999999961e-01 3.967148494999999912e+03 2.885125946999999996e+03
1.150000000000000050e-01 3.532739766000000145e+03 2.494164831000000049e+03
1.250000000000000000e-01 3.274848081999999977e+03 2.313754336999999850e+03
1.350000000000000089e-01 2.953007814999999937e+03 2.015072771999999986e+03
1.449999999999999900e-01 2.598258946999999807e+03 1.782434837000000016e+03
1.549999999999999989e-01 2.315796021000000110e+03 1.626777162999999973e+03
1.650000000000000078e-01 2.042032746999999972e+03 1.375593959000000041e+03
1.749999999999999889e-01 1.845805470000000014e+03 1.266257031000000097e+03
1.849999999999999978e-01 1.713289678999999978e+03 1.120486646999999948e+03
1.950000000000000067e-01 1.596449738999999909e+03 1.038146430000000009e+03
2.049999999999999878e-01 1.470569524000000001e+03 9.623323420000000397e+02
2.149999999999999967e-01 1.334903197000000091e+03 8.568060319999999592e+02
2.250000000000000056e-01 1.228831869999999981e+03 7.795374289999999746e+02
2.349999999999999867e-01 1.128773819999999887e+03 7.215468379999999797e+02
2.449999999999999956e-01 1.050131190000000061e+03 6.510897300000000314e+02
2.550000000000000044e-01 9.850399660000000495e+02 5.730481220000000349e+02
2.650000000000000133e-01 9.191688609999999926e+02 5.402607590000000073e+02
2.750000000000000222e-01 8.579870529999999462e+02 4.924397819999999797e+02
2.849999999999999756e-01 7.976227219999999534e+02 4.584386180000000195e+02
2.949999999999999845e-01 7.486730430000000069e+02 4.163630170000000135e+02
3.049999999999999933e-01 7.036869450000000370e+02 3.769302220000000148e+02
3.150000000000000022e-01 6.621837450000000445e+02 3.486221959999999740e+02
3.250000000000000111e-01 6.289548409999999876e+02 3.238789509999999723e+02
3.350000000000000200e-01 5.950423610000000281e+02 3.082030560000000037e+02
3.449999999999999734e-01 5.604289979999999787e+02 2.775263479999999845e+02
3.549999999999999822e-01 5.293875410000000556e+02 2.532649419999999907e+02
3.649999999999999911e-01 5.015472179999999867e+02 2.368536589999999933e+02
3.750000000000000000e-01 4.757358740000000239e+02 2.176471589999999878e+02
3.850000000000000089e-01 4.510851840000000266e+02 2.007184970000000135e+02
3.950000000000000178e-01 4.294234200000000214e+02 1.865373759999999947e+02
