5.000000000000000104e-03 1.459661232999999993e+04 9.718297982000000047e+03
1.499999999999999944e-02 1.884393809899999906e+04 1.836233067300000039e+04
2.500000000000000139e-02 1.716604161899999963e+04 1.306837135400000079e+04
3.500000000000000333e-02 1.297906696299999930e+04 1.003072290600000088e+04
4.499999999999999833e-02 1.062114944699999978e+04 8.020761682000000292e+03
5.500000000000000028e-02 8.969239106000000902e+03 6.541229078999999729e+03
6.500000000000000222e-02 7.856391923000000133e+03 6.025024207000000388e+03
7.499999999999999722e-02 6.937281885000000329e+03 4.919351013000000421e+03
8.500000000000000611e-02 5.699547118000000410e+03 4.000090979999999945e+03
9.500000000000000111e-02 4.710648288000000321e+03 3.502688780999999835e+03
1.049999999999999961e-01 4.001313658999999916e+03 2.943341248000000178e+03
1.150000000000000050e-01 3.536610172000000148e+03 2.396927094000000125e+03
1.250000000000000000e-01 3.246596610999999939e+03 2.208523156000000199e+03
1.350000000000000089e-01 2.970900892000000113e+03 2.027632683000000043e+03
1.449999999999999900e-01 2.602266279999999824e+03 1.744165827000000036e+03
1.549999999999999989e-01 2.296658745000000181e+03 1.616666784000000007e+03
1.650000000000000078e-01 2.023414074999999912e+03 1.382745584000000008e+03
1.749999999999999889e-01 1.839154060999999956e+03 1.238095481000000063e+03
1.849999999999999978e-01 1.716767679999999928e+03 1.103299578999999994e+03
1.950000000000000067e-01 1.591039717999999993e+03 1.014443732999999952e+03
2.049999999999999878e-01 1.456056340000000091e+03 9.157685010000000148e+02
2.149999999999999967e-01 1.329323949999999968e+03 8.746371860000000424e+02
2.250000000000000056e-01 1.216282439999999951e+03 7.493064110000000255e+02
2.349999999999999867e-01 1.118546248999999989e+03 6.917623559999999543e+02
2.449999999999999956e-01 1.048673600000000079e+03 6.369969479999999749e+02
2.550000000000000044e-01 9.791605540000000474e+02 5.917079310000000305e+02
2.650000000000000133e-01 9.172576729999999543e+02 5.210532429999999522e+02
2.750000000000000222e-01 8.567968309999999974e+02 4.998540130000000090e+02
2.849999999999999756e-01 7.988262849999999844e+02 4.516403070000000071e+02
2.949999999999999845e-01 7.470427570000000514e+02 4.220635700000000270e+02
3.049999999999999933e-01 7.077647739999999885e+02 3.750133549999999900e+02
3.150000000000000022e-01 6.638515859999999975e+02 3.503819700000000239e+02
3.250000000000000111e-01 6.258796160000000555e+02 3.198515659999999912e+02
3.350000000000000200e-01 5.914435680000000275e+02 3.027059810000000084e+02
3.449999999999999734e-01 5.587932889999999588e+02 2.781611629999999877e+02
3.549999999999999822e-01 5.300324060000000372e+02 2.525718469999999911e+02
3.649999999999999911e-01 5.013812889999999811e+02 2.337117079999999874e+02
3.750000000000000000e-01 4.714680680000000166e+02 2.089235769999999945e+02
3.850000000000000089e-01 4.543161339999999768e+02 1.982075989999999877e+02
3.950000000000000178e-01 4.292038029999999935e+02 1.831458240000000046e+02
