5.000000000000000104e-03 1.444609310000000005e+04 1.171850468700000056e+04
1.499999999999999944e-02 1.991632570800000030e+04 2.170862194900000031e+04
2.500000000000000139e-02 1.696461735000000044e+04 1.035119976099999985e+04
3.500000000000000333e-02 1.390746755699999994e+04 1.071766792899999928e+04
4.499999999999999833e-02 1.068079790900000080e+04 8.418574273000000176e+03
5.500000000000000028e-02 9.267085372999999890e+03 7.400110526000000391e+03
6.500000000000000222e-02 8.045306190999999671e+03 6.420366799000000356e+03
7.499999999999999722e-02 6.909801217000000179e+03 4.891963488999999754e+03
8.500000000000000611e-02 5.687234499000000142e+03 3.974457305999999789e+03
9.500000000000000111e-02 4.762170151999999689e+03 3.529528680999999779e+03
1.049999999999999961e-01 4.007481659999999920e+03 2.826165778999999930e+03
1.150000000000000050e-01 3.538246960999999828e+03 2.426216562000000067e+03
1.250000000000000000e-01 3.277691659999999956e+03 2.341291749999999865e+03
1.350000000000000089e-01 2.986976178999999775e+03 2.059742073999999775e+03
1.449999999999999900e-01 2.607846978000000036e+03 1.699213811000000078e+03
1.549999999999999989e-01 2.283780076999999892e+03 1.587684606000000031e+03
1.650000000000000078e-01 2.028482128000000102e+03 1.386093753000000106e+03
1.749999999999999889e-01 1.862250661999999920e+03 1.295384129000000030e+03
1.849999999999999978e-01 1.725934533000000101e+03 1.137695433000000094e+03
1.950000000000000067e-01 1.594302263000000039e+03 1.015860717000000022e+03
2.049999999999999878e-01 1.469578909999999951e+03 9.429636120000000119e+02
2.149999999999999967e-01 1.320925827999999910e+03 8.446776830000000018e+02
2.250000000000000056e-01 1.221858251000000109e+03 7.780530350000000226e+02
2.349999999999999867e-01 1.133796229000000039e+03 7.266713549999999486e+02
2.449999999999999956e-01 1.055226327000000083e+03 6.388839619999999968e+02
2.550000000000000044e-01 9.813937650000000303e+02 5.844319679999999835e+02
2.650000000000000133e-01 9.159650520000000142e+02 5.407932580000000371e+02
2.750000000000000222e-01 8.545267450000000053e+02 4.857713840000000118e+02
2.849999999999999756e-01 8.033388670000000502e+02 4.593065619999999853e+02
2.949999999999999845e-01 7.508117120000000568e+02 4.195084539999999720e+02
3.049999999999999933e-01 7.085610679999999775e+02 3.823335680000000139e+02
3.150000000000000022e-01 6.653401499999999942e+02 3.584864130000000273e+02
3.250000000000000111e-01 6.268207469999999830e+02 3.290246109999999931e+02
3.350000000000000200e-01 5.912274499999999762e+02 3.041439669999999751e+02
3.449999999999999734e-01 5.565989580000000387e+02 2.815645349999999780e+02
3.549999999999999822e-01 5.273863499999999931e+02 2.621826239999999757e+02
3.649999999999999911e-01 5.006151239999999802e+02 2.360593340000000069e+02
3.750000000000000000e-01 4.771422420000000102e+02 2.088713869999999986e+02
3.850000000000000089e-01 4.536299740000000043e+02 2.011111909999999909e+02
3.950000000000000178e-01 4.310312700000000063e+02 1.840288569999999879e+02
