5.000000000000000104e-03 1.443930430499999966e+04 1.960629637000000002e+04
1.499999999999999944e-02 1.869559325099999842e+04 1.615756466999999975e+04
2.500000000000000139e-02 1.790762856800000009e+04 1.527630958199999986e+04
3.500000000000000333e-02 1.319668109600000025e+04 1.062244503400000031e+04
4.499999999999999833e-02 1.057954668200000015e+04 7.840294891999999891e+03
5.500000000000000028e-02 9.058251426999999239e+03 6.998381196999999702e+03
6.500000000000000222e-02 7.933465626000000157e+03 5.694933329000000413e+03
7.499999999999999722e-02 6.947732135000000198e+03 5.246551064000000224e+03
8.500000000000000611e-02 5.695855050000000119e+03 4.243233355000000302e+03
9.500000000000000111e-02 4.659168851999999788e+03 3.406293399000000136e+03
1.049999999999999961e-01 3.945658601999999973e+03 2.742204417999999805e+03
1.150000000000000050e-01 3.571237279999999828e+03 2.591178275000000212e+03
1.250000000000000000e-01 3.214375971999999820e+03 2.212463181999999961e+03
1.350000000000000089e-01 2.962158853999999792e+03 2.046962228999999979e+03
1.449999999999999900e-01 2.625008480999999847e+03 1.791618226999999933e+03
1.549999999999999989e-01 2.290264356000000134e+03 1.558221416000000090e+03
1.650000000000000078e-01 2.034373638999999912e+03 1.361740025000000060e+03
1.749999999999999889e-01 1.843718538999999964e+03 1.244394800000000032e+03
1.849999999999999978e-01 1.713051549999999907e+03 1.128238875999999891e+03
1.950000000000000067e-01 1.577026219999999967e+03 1.005713821000000053e+03
2.049999999999999878e-01 1.450525851000000102e+03 9.206372219999999515e+02
2.149999999999999967e-01 1.319266495999999961e+03 8.340542299999999614e+02
2.250000000000000056e-01 1.219048289000000068e+03 7.713225149999999530e+02
2.349999999999999867e-01 1.127591748999999936e+03 7.259062810000000354e+02
2.449999999999999956e-01 1.050207059000000072e+03 6.336493789999999535e+02
2.550000000000000044e-01 9.765495160000000396e+02 5.776956000000000131e+02
2.650000000000000133e-01 9.213944099999999935e+02 5.495232650000000376e+02
2.750000000000000222e-01 8.592326749999999720e+02 4.979172780000000103e+02
2.849999999999999756e-01 8.026565070000000333e+02 4.583192060000000083e+02
2.949999999999999845e-01 7.501498500000000149e+02 4.219463600000000270e+02
3.049999999999999933e-01 7.023755310000000236e+02 3.815789649999999824e+02
3.150000000000000022e-01 6.609846599999999626e+02 3.530674769999999967e+02
3.250000000000000111e-01 6.263148210000000518e+02 3.274018209999999840e+02
3.350000000000000200e-01 5.945008149999999887e+02 2.883900029999999788e+02
3.449999999999999734e-01 5.559251930000000357e+02 2.767248299999999972e+02
3.549999999999999822e-01 5.277821440000000166e+02 2.531964940000000013e+02
3.649999999999999911e-01 4.976793670000000134e+02 2.219193309999999997e+02
3.750000000000000000e-01 4.748859199999999987e+02 2.196831070000000068e+02
3.850000000000000089e-01 4.518001560000000154e+02 2.026300080000000037e+02
3.950000000000000178e-01 4.302138830000000098e+02 1.839334819999999979e+02
