5.000000000000000104e-03 1.782484405100000004e+04 1.459521695800000089e+04
1.499999999999999944e-02 1.844475189899999896e+04 1.514258955600000081e+04
2.500000000000000139e-02 1.696925443100000120e+04 1.254732699300000058e+04
3.500000000000000333e-02 1.387767960200000016e+04 1.036257224099999985e+04
4.499999999999999833e-02 1.050869692000000032e+04 7.938382365999999820e+03
5.500000000000000028e-02 8.950996488000000681e+03 6.155763624000000164e+03
6.500000000000000222e-02 8.000568774999999732e+03 6.107571538999999575e+03
7.499999999999999722e-02 6.821668351999999686e+03 4.952056717000000390e+03
8.500000000000000611e-02 5.657309201000000030e+03 3.899403941000000032e+03
9.500000000000000111e-02 4.704469506000000365e+03 3.502593550000000050e+03
1.049999999999999961e-01 3.952032028999999966e+03 2.750974694000000000e+03
1.150000000000000050e-01 3.519128909999999905e+03 2.560459713000000193e+03
1.250000000000000000e-01 3.292888360999999804e+03 2.294079509000000144e+03
1.350000000000000089e-01 2.949794534000000112e+03 1.985436048000000028e+03
1.449999999999999900e-01 2.618179302999999891e+03 1.773733473999999887e+03
1.549999999999999989e-01 2.274093163999999888e+03 1.593153604999999970e+03
1.650000000000000078e-01 2.048546668999999838e+03 1.423518823000000111e+03
1.749999999999999889e-01 1.840041154999999890e+03 1.252772539999999935e+03
1.849999999999999978e-01 1.720904641000000083e+03 1.118089791000000105e+03
1.950000000000000067e-01 1.582179000000000087e+03 1.024392685000000029e+03
2.049999999999999878e-01 1.461005280000000084e+03 9.480511830000000373e+02
2.149999999999999967e-01 1.329999074999999948e+03 8.216038889999999810e+02
2.250000000000000056e-01 1.222325309999999945e+03 7.807337499999999864e+02
2.349999999999999867e-01 1.123137870000000021e+03 7.009542549999999892e+02
2.449999999999999956e-01 1.050447568000000047e+03 6.369578199999999697e+02
2.550000000000000044e-01 9.776123539999999821e+02 5.734696920000000091e+02
2.650000000000000133e-01 9.193082819999999629e+02 5.337157600000000457e+02
2.750000000000000222e-01 8.586105189999999538e+02 4.882430610000000115e+02
2.849999999999999756e-01 7.985356769999999642e+02 4.511142300000000205e+02
2.949999999999999845e-01 7.484260339999999587e+02 4.156903500000000236e+02
3.049999999999999933e-01 6.968749769999999444e+02 3.795782340000000090e+02
3.150000000000000022e-01 6.659017599999999675e+02 3.538226020000000176e+02
3.250000000000000111e-01 6.263733069999999543e+02 3.260492869999999925e+02
3.350000000000000200e-01 5.942292469999999867e+02 2.956897099999999909e+02
3.449999999999999734e-01 5.621581820000000107e+02 2.759188030000000253e+02
3.549999999999999822e-01 5.276240709999999581e+02 2.569918850000000248e+02
3.649999999999999911e-01 5.040316520000000082e+02 2.411515970000000095e+02
3.750000000000000000e-01 4.767274530000000254e+02 2.111742570000000114e+02
3.850000000000000089e-01 4.528911689999999908e+02 2.005785260000000108e+02
3.950000000000000178e-01 4.317360990000000243e+02 1.857436659999999904e+02
