5.000000000000000104e-03 1.676747499299999981e+04 1.400957667299999957e+04
1.499999999999999944e-02 2.125285048900000038e+04 1.853694436800000040e+04
2.500000000000000139e-02 1.746896453699999984e+04 1.315839337999999952e+04
3.500000000000000333e-02 1.356067738199999985e+04 1.209183830099999977e+04
4.499999999999999833e-02 1.050156273099999999e+04 7.220001000999999633e+03
5.500000000000000028e-02 8.982572416999999405e+03 6.574122908999999709e+03
6.500000000000000222e-02 7.973939129999999750e+03 5.855537596999999550e+03
7.499999999999999722e-02 6.783727141999999731e+03 5.025664660999999796e+03
8.500000000000000611e-02 5.768230548999999883e+03 4.086025415000000066e+03
9.500000000000000111e-02 4.702973374000000149e+03 3.319671608999999989e+03
1.049999999999999961e-01 3.982338908000000174e+03 2.878103458000000046e+03
1.150000000000000050e-01 3.585217948999999862e+03 2.603578171999999995e+03
1.250000000000000000e-01 3.264343347999999878e+03 2.240751232000000073e+03
1.350000000000000089e-01 2.995228008000000045e+03 2.146690727000000152e+03
1.449999999999999900e-01 2.621916505000000143e+03 1.782825035000000071e+03
1.549999999999999989e-01 2.262752684999999929e+03 1.524960348999999951e+03
1.650000000000000078e-01 2.049500110999999833e+03 1.418933430000000044e+03
1.749999999999999889e-01 1.836569805999999971e+03 1.227224719999999934e+03
1.849999999999999978e-01 1.712131626999999980e+03 1.112218196000000034e+03
1.950000000000000067e-01 1.601229276000000027e+03 1.065691878999999972e+03
2.049999999999999878e-01 1.461130744000000050e+03 9.451957200000000512e+02
2.149999999999999967e-01 1.331281216000000086e+03 8.461774470000000292e+02
2.250000000000000056e-01 1.217098257999999987e+03 7.550472200000000385e+02
2.349999999999999867e-01 1.128660515999999916e+03 7.075688830000000280e+02
2.449999999999999956e-01 1.059384109999999964e+03 6.376104400000000396e+02
2.550000000000000044e-01 9.832469849999999951e+02 5.763492840000000115e+02
2.650000000000000133e-01 9.174576429999999618e+02 5.352371020000000499e+02
2.750000000000000222e-01 8.569501830000000382e+02 4.898370850000000019e+02
2.849999999999999756e-01 8.002653139999999894e+02 4.439371140000000082e+02
2.949999999999999845e-01 7.490344860000000153e+02 4.072133089999999811e+02
3.049999999999999933e-01 7.028093910000000051e+02 3.852349919999999770e+02
3.150000000000000022e-01 6.668495149999999967e+02 3.510854259999999840e+02
3.250000000000000111e-01 6.241605359999999791e+02 3.177509909999999991e+02
3.350000000000000200e-01 5.921385669999999664e+02 2.971516330000000039e+02
3.449999999999999734e-01 5.613342699999999468e+02 2.753604629999999815e+02
3.549999999999999822e-01 5.270317840000000160e+02 2.554274550000000090e+02
3.649999999999999911e-01 5.017943559999999934e+02 2.316732489999999984e+02
3.750000000000000000e-01 4.753327059999999733e+02 2.135501680000000135e+02
3.850000000000000089e-01 4.534688249999999812e+02 1.963667649999999867e+02
3.950000000000000178e-01 4.287462090000000217e+02 1.839356300000000033e+02
