5.000000000000000104e-03 1.130982944099999986e+04 3.647184471999999914e+03
1.499999999999999944e-02 1.737895913199999995e+04 1.121759163099999932e+04
2.500000000000000139e-02 1.793640876700000081e+04 1.451468157799999972e+04
3.500000000000000333e-02 1.334458836399999927e+04 9.307961106999999174e+03
4.499999999999999833e-02 1.035514281499999925e+04 7.625726529999999912e+03
5.500000000000000028e-02 9.047532503000000361e+03 7.117715285000000222e+03
6.500000000000000222e-02 8.140440741000000344e+03 5.987055470000000241e+03
7.499999999999999722e-02 6.882767898000000059e+03 4.928074590000000171e+03
8.500000000000000611e-02 5.774649663000000146e+03 4.262128042999999707e+03
9.500000000000000111e-02 4.698896837999999661e+03 3.398915684999999939e+03
1.049999999999999961e-01 4.033631174000000101e+03 2.947393461000000116e+03
1.150000000000000050e-01 3.553717627999999877e+03 2.558540864000000056e+03
1.250000000000000000e-01 3.244724776999999904e+03 2.268390671000000111e+03
1.350000000000000089e-01 2.951764548000000104e+03 1.970679750000000013e+03
1.449999999999999900e-01 2.611854350999999951e+03 1.741744754000000057e+03
1.549999999999999989e-01 2.288727887999999894e+03 1.574816857999999911e+03
1.650000000000000078e-01 2.015255693999999949e+03 1.420790936999999985e+03
1.749999999999999889e-01 1.853601347000000032e+03 1.246802343999999948e+03
1.849999999999999978e-01 1.706484077999999954e+03 1.128429530000000113e+03
1.950000000000000067e-01 1.582889975999999933e+03 1.044507904000000053e+03
2.049999999999999878e-01 1.453968673999999965e+03 9.128657379999999648e+02
2.149999999999999967e-01 1.333838782000000037e+03 8.568420159999999441e+02
2.250000000000000056e-01 1.216899028999999928e+03 7.814363100000000486e+02
2.349999999999999867e-01 1.126254746999999952e+03 7.039493860000000041e+02
2.449999999999999956e-01 1.050340026000000080e+03 6.257041000000000395e+02
2.550000000000000044e-01 9.875348800000000438e+02 5.830025729999999839e+02
2.650000000000000133e-01 9.180738910000000033e+02 5.487699069999999892e+02
2.750000000000000222e-01 8.553483410000000049e+02 4.911475179999999909e+02
2.849999999999999756e-01 8.009975570000000289e+02 4.569840800000000058e+02
2.949999999999999845e-01 7.486655329999999822e+02 4.165668969999999831e+02
3.049999999999999933e-01 7.000349939999999833e+02 3.919288030000000163e+02
3.150000000000000022e-01 6.639473739999999680e+02 3.607948329999999828e+02
3.250000000000000111e-01 6.234801300000000310e+02 3.181753899999999931e+02
3.350000000000000200e-01 5.888268679999999904e+02 2.957543229999999994e+02
3.449999999999999734e-01 5.609819549999999708e+02 2.769656739999999786e+02
3.549999999999999822e-01 5.309429949999999963e+02 2.540430299999999875e+02
3.649999999999999911e-01 5.023833799999999883e+02 2.403696040000000096e+02
3.750000000000000000e-01 4.746991479999999797e+02 2.148646410000000060e+02
3.850000000000000089e-01 4.486262889999999857e+02 2.032910970000000077e+02
3.950000000000000178e-01 4.289133610000000090e+02 1.845896180000000015e+02
