5.000000000000000104e-03 1.306178002700000070e+04 1.280141596199999913e+04
1.499999999999999944e-02 1.740066106900000159e+04 1.013071936699999969e+04
2.500000000000000139e-02 1.719451761400000032e+04 1.286719633900000008e+04
3.500000000000000333e-02 1.348592842899999960e+04 9.761357041999999637e+03
4.499999999999999833e-02 1.087131874600000083e+04 8.328536674000000858e+03
5.500000000000000028e-02 9.039134169999999358e+03 6.743288526999999704e+03
6.500000000000000222e-02 7.880536562999999660e+03 5.855937117000000399e+03
7.499999999999999722e-02 6.918152210000000196e+03 5.057941558000000441e+03
8.500000000000000611e-02 5.739105574999999590e+03 4.333626318999999967e+03
9.500000000000000111e-02 4.716538314000000355e+03 3.543767596000000140e+03
1.049999999999999961e-01 3.973196570000000065e+03 2.804988075000000208e+03
1.150000000000000050e-01 3.547158785000000080e+03 2.545368233000000146e+03
1.250000000000000000e-01 3.231455679000000146e+03 2.236437057000000095e+03
1.350000000000000089e-01 2.967961102000000210e+03 2.004780715999999984e+03
1.449999999999999900e-01 2.619109260000000177e+03 1.731856221999999889e+03
1.549999999999999989e-01 2.290379507999999987e+03 1.598625344999999925e+03
1.650000000000000078e-01 2.025883593000000019e+03 1.361463021000000026e+03
1.749999999999999889e-01 1.848843777999999929e+03 1.271644287000000077e+03
1.849999999999999978e-01 1.712618991999999935e+03 1.146445480999999972e+03
1.950000000000000067e-01 1.589832820000000083e+03 1.023591176000000019e+03
2.049999999999999878e-01 1.462854847999999947e+03 9.286559979999999541e+02
2.149999999999999967e-01 1.329144213999999920e+03 8.481148809999999685e+02
2.250000000000000056e-01 1.220711794000000054e+03 7.829334440000000086e+02
2.349999999999999867e-01 1.120627244999999903e+03 6.956930690000000368e+02
2.449999999999999956e-01 1.044944146000000046e+03 6.411492709999999988e+02
2.550000000000000044e-01 9.741381969999999910e+02 5.724822850000000471e+02
2.650000000000000133e-01 9.234573329999999487e+02 5.408263030000000526e+02
2.750000000000000222e-01 8.535522170000000415e+02 4.922224160000000097e+02
2.849999999999999756e-01 8.025737970000000132e+02 4.557444409999999948e+02
2.949999999999999845e-01 7.463972089999999753e+02 4.031676299999999742e+02
3.049999999999999933e-01 7.066008900000000494e+02 3.922205030000000079e+02
3.150000000000000022e-01 6.631154830000000402e+02 3.573910099999999943e+02
3.250000000000000111e-01 6.258222809999999754e+02 3.283577789999999936e+02
3.350000000000000200e-01 5.917760520000000497e+02 3.005943720000000212e+02
3.449999999999999734e-01 5.602252270000000181e+02 2.780051520000000096e+02
3.549999999999999822e-01 5.293812040000000252e+02 2.562699529999999868e+02
3.649999999999999911e-01 5.000430160000000228e+02 2.319058560000000000e+02
3.750000000000000000e-01 4.760462329999999724e+02 2.157752329999999859e+02
3.850000000000000089e-01 4.532147509999999784e+02 1.986118179999999995e+02
3.950000000000000178e-01 4.273920709999999872e+02 1.859689040000000091e+02
