5.000000000000000104e-03 1.539085709800000041e+04 1.059545785099999921e+04
1.499999999999999944e-02 1.844827695400000084e+04 1.227345392899999933e+04
2.500000000000000139e-02 1.701757363899999837e+04 1.386684887499999968e+04
3.500000000000000333e-02 1.355368818800000008e+04 1.082145371399999931e+04
4.499999999999999833e-02 1.057187010899999950e+04 8.298822423999999955e+03
5.500000000000000028e-02 8.993244819999999891e+03 6.382831366000000344e+03
6.500000000000000222e-02 7.989145540999999866e+03 5.994258949000000030e+03
7.499999999999999722e-02 6.820281159000000116e+03 4.713379648000000088e+03
8.500000000000000611e-02 5.759846408999999767e+03 4.217621551999999610e+03
9.500000000000000111e-02 4.694951167999999598e+03 3.393311904000000141e+03
1.049999999999999961e-01 4.013547728999999890e+03 3.016370022999999946e+03
1.150000000000000050e-01 3.566636860000000070e+03 2.573315434000000096e+03
1.250000000000000000e-01 3.248051735000000008e+03 2.281358319999999821e+03
1.350000000000000089e-01 2.969263338000000203e+03 2.037576485999999932e+03
1.449999999999999900e-01 2.616540093000000070e+03 1.794848576000000094e+03
1.549999999999999989e-01 2.272864087999999811e+03 1.574638862000000017e+03
1.650000000000000078e-01 2.048945947000000160e+03 1.454549213999999893e+03
1.749999999999999889e-01 1.843774644999999964e+03 1.225427079000000049e+03
1.849999999999999978e-01 1.698813452000000098e+03 1.081278769999999895e+03
1.950000000000000067e-01 1.591762664000000086e+03 1.011633058000000005e+03
2.049999999999999878e-01 1.464867987999999968e+03 9.405055019999999786e+02
2.149999999999999967e-01 1.324174091999999973e+03 8.629091509999999516e+02
2.250000000000000056e-01 1.217953469000000041e+03 7.592837799999999788e+02
2.349999999999999867e-01 1.125025491000000102e+03 7.132724690000000010e+02
2.449999999999999956e-01 1.052688327999999956e+03 6.284043020000000297e+02
2.550000000000000044e-01 9.834564719999999625e+02 5.899489889999999832e+02
2.650000000000000133e-01 9.177732459999999719e+02 5.267289220000000114e+02
2.750000000000000222e-01 8.528596659999999474e+02 4.797979540000000043e+02
2.849999999999999756e-01 8.031684639999999717e+02 4.552633599999999774e+02
2.949999999999999845e-01 7.511424970000000485e+02 4.185440570000000093e+02
3.049999999999999933e-01 7.069926010000000360e+02 3.874020160000000033e+02
3.150000000000000022e-01 6.633564800000000332e+02 3.456100620000000276e+02
3.250000000000000111e-01 6.278994969999999967e+02 3.252655629999999860e+02
3.350000000000000200e-01 5.877285960000000387e+02 2.996777529999999956e+02
3.449999999999999734e-01 5.592682959999999639e+02 2.777647910000000024e+02
3.549999999999999822e-01 5.273545410000000402e+02 2.564983110000000011e+02
3.649999999999999911e-01 4.986248820000000137e+02 2.278011419999999987e+02
3.750000000000000000e-01 4.738798429999999939e+02 2.138618830000000059e+02
3.850000000000000089e-01 4.531461320000000228e+02 1.970870669999999905e+02
3.950000000000000178e-01 4.266618930000000205e+02 1.798100609999999904e+02
