5.000000000000000104e-03 1.569909188499999982e+04 1.588940589700000055e+04
1.499999999999999944e-02 1.909956033000000025e+04 1.460933022300000084e+04
2.500000000000000139e-02 1.686886872999999832e+04 1.272543043399999988e+04
3.500000000000000333e-02 1.315747099700000035e+04 8.552381199999999808e+03
4.499999999999999833e-02 1.084101420300000063e+04 7.967124995000000126e+03
5.500000000000000028e-02 8.936069665000000896e+03 6.159407172999999602e+03
6.500000000000000222e-02 7.870385430999999699e+03 5.479463883999999780e+03
7.499999999999999722e-02 6.942987712000000101e+03 4.893727216999999655e+03
8.500000000000000611e-02 5.742152076999999736e+03 4.166762155000000348e+03
9.500000000000000111e-02 4.697534829999999602e+03 3.288760005999999976e+03
1.049999999999999961e-01 3.957902742000000217e+03 2.846726728000000094e+03
1.150000000000000050e-01 3.541663674999999785e+03 2.538706646000000092e+03
1.250000000000000000e-01 3.239290202000000136e+03 2.227428765000000112e+03
1.350000000000000089e-01 2.966329998000000160e+03 1.973646283999999923e+03
1.449999999999999900e-01 2.610222185000000081e+03 1.758119298000000072e+03
1.549999999999999989e-01 2.315868249000000105e+03 1.595931166000000076e+03
1.650000000000000078e-01 2.030895817999999963e+03 1.340745294000000058e+03
1.749999999999999889e-01 1.831376531000000114e+03 1.237975259000000051e+03
1.849999999999999978e-01 1.714085203999999976e+03 1.119380075999999917e+03
1.950000000000000067e-01 1.579391589000000067e+03 9.958830349999999498e+02
2.049999999999999878e-01 1.456810185999999931e+03 9.420877480000000332e+02
2.149999999999999967e-01 1.328899486999999908e+03 8.263349920000000566e+02
2.250000000000000056e-01 1.217348248000000012e+03 7.707852309999999534e+02
2.349999999999999867e-01 1.127492212999999992e+03 7.075937639999999647e+02
2.449999999999999956e-01 1.047612123999999994e+03 6.462053140000000440e+02
2.550000000000000044e-01 9.847095399999999472e+02 5.742084429999999884e+02
2.650000000000000133e-01 9.245240830000000187e+02 5.412453150000000051e+02
2.750000000000000222e-01 8.541759230000000116e+02 4.940521959999999808e+02
2.849999999999999756e-01 7.972098969999999554e+02 4.523347299999999791e+02
2.949999999999999845e-01 7.523586599999999862e+02 4.232976689999999849e+02
3.049999999999999933e-01 7.043262590000000500e+02 3.809901639999999929e+02
3.150000000000000022e-01 6.616897500000000036e+02 3.489483650000000239e+02
3.250000000000000111e-01 6.293927949999999782e+02 3.182191639999999779e+02
3.350000000000000200e-01 5.941901209999999764e+02 2.975692169999999805e+02
3.449999999999999734e-01 5.612230620000000272e+02 2.752878370000000245e+02
3.549999999999999822e-01 5.302604089999999815e+02 2.607925930000000108e+02
3.649999999999999911e-01 4.991151209999999878e+02 2.369504870000000096e+02
3.750000000000000000e-01 4.760707899999999881e+02 2.166899359999999888e+02
3.850000000000000089e-01 4.539192600000000084e+02 2.041699399999999969e+02
3.950000000000000178e-01 4.281027330000000006e+02 1.764866920000000050e+02
