5.000000000000000104e-03 1.655077377899999919e+04 2.111159321000000091e+03
1.499999999999999944e-02 1.807603054300000076e+04 1.301735275700000057e+04
2.500000000000000139e-02 1.702111370600000009e+04 1.317367483600000014e+04
3.500000000000000333e-02 1.343719955800000025e+04 9.137099792999999408e+03
4.499999999999999833e-02 1.103347525499999938e+04 8.340566920999999638e+03
5.500000000000000028e-02 8.940165660000000571e+03 6.910488290000000234e+03
6.500000000000000222e-02 7.887590863000000354e+03 5.634568828000000394e+03
7.499999999999999722e-02 6.879324403999999959e+03 4.989686518000000433e+03
8.500000000000000611e-02 5.666653212999999596e+03 4.135364526999999725e+03
9.500000000000000111e-02 4.728673622000000250e+03 3.542753362999999808e+03
1.049999999999999961e-01 3.959819668000000092e+03 2.852320369000000028e+03
1.150000000000000050e-01 3.638937057000000095e+03 2.606946472000000085e+03
1.250000000000000000e-01 3.268282095999999910e+03 2.384553181000000222e+03
1.350000000000000089e-01 2.974685664999999972e+03 2.052011101999999937e+03
1.449999999999999900e-01 2.624861837999999807e+03 1.810742637000000059e+03
1.549999999999999989e-01 2.294645791999999801e+03 1.638212357000000111e+03
1.650000000000000078e-01 2.021768311000000040e+03 1.374292519999999968e+03
1.749999999999999889e-01 1.844225216000000046e+03 1.259387324999999919e+03
1.849999999999999978e-01 1.715251232000000073e+03 1.113180654000000004e+03
1.950000000000000067e-01 1.585273819000000003e+03 1.017936698999999976e+03
2.049999999999999878e-01 1.450853607999999895e+03 9.208079119999999875e+02
2.149999999999999967e-01 1.328080024000000094e+03 8.337070860000000039e+02
2.250000000000000056e-01 1.214985950999999886e+03 7.490516260000000557e+02
2.349999999999999867e-01 1.124582139999999981e+03 7.199334119999999757e+02
2.449999999999999956e-01 1.050074691000000030e+03 6.432779729999999745e+02
2.550000000000000044e-01 9.886300549999999703e+02 5.988227889999999434e+02
2.650000000000000133e-01 9.211997599999999693e+02 5.411345559999999750e+02
2.750000000000000222e-01 8.572054550000000290e+02 4.916762380000000121e+02
2.849999999999999756e-01 8.024191409999999678e+02 4.525019439999999804e+02
2.949999999999999845e-01 7.476263219999999592e+02 4.162693679999999858e+02
3.049999999999999933e-01 7.077608880000000227e+02 3.938314639999999827e+02
3.150000000000000022e-01 6.608066710000000512e+02 3.491363680000000045e+02
3.250000000000000111e-01 6.221164069999999811e+02 3.245130229999999756e+02
3.350000000000000200e-01 5.906731300000000147e+02 2.987070620000000076e+02
3.449999999999999734e-01 5.553807289999999739e+02 2.769888819999999896e+02
3.549999999999999822e-01 5.294922840000000406e+02 2.495403579999999977e+02
3.649999999999999911e-01 4.982653540000000021e+02 2.383735949999999946e+02
3.750000000000000000e-01 4.738146939999999745e+02 2.160851199999999892e+02
3.850000000000000089e-01 4.532134819999999991e+02 1.999524440000000141e+02
3.950000000000000178e-01 4.281955750000000194e+02 1.836500120000000038e+02
