5.000000000000000104e-03 1.732436895500000173e+04 1.643090638100000069e+04
1.499999999999999944e-02 2.069843473399999857e+04 1.461282932599999913e+04
2.500000000000000139e-02 1.766021740499999942e+04 1.402303091800000038e+04
3.500000000000000333e-02 1.345862982700000066e+04 1.143525668299999961e+04
4.499999999999999833e-02 1.076421910299999945e+04 7.845398629999999685e+03
5.500000000000000028e-02 9.065482535999999527e+03 6.283922959999999875e+03
6.500000000000000222e-02 8.124232108000000153e+03 6.527985625000000255e+03
7.499999999999999722e-02 6.805086446000000251e+03 4.899093949000000066e+03
8.500000000000000611e-02 5.676913884999999937e+03 4.270601351999999679e+03
9.500000000000000111e-02 4.718750380000000405e+03 3.345658624000000145e+03
1.049999999999999961e-01 4.018899061999999958e+03 3.026823199999999815e+03
1.150000000000000050e-01 3.570609367999999904e+03 2.571228494999999839e+03
1.250000000000000000e-01 3.264277059999999892e+03 2.283597243000000162e+03
1.350000000000000089e-01 2.953425244999999904e+03 2.078304592999999841e+03
1.449999999999999900e-01 2.608072172000000137e+03 1.776132980000000089e+03
1.549999999999999989e-01 2.277056340000000091e+03 1.574665263000000095e+03
1.650000000000000078e-01 2.055039448999999877e+03 1.432358345999999983e+03
1.749999999999999889e-01 1.856927601000000095e+03 1.286495781999999963e+03
1.849999999999999978e-01 1.725904780999999957e+03 1.139863988000000063e+03
1.950000000000000067e-01 1.592379325000000108e+03 1.030790250000000015e+03
2.049999999999999878e-01 1.450577586000000110e+03 9.157851160000000164e+02
2.149999999999999967e-01 1.342757282999999916e+03 8.859435429999999769e+02
2.250000000000000056e-01 1.226347727000000077e+03 7.773931780000000344e+02
2.349999999999999867e-01 1.130548180000000002e+03 7.030980990000000475e+02
2.449999999999999956e-01 1.054184375999999929e+03 6.786838199999999688e+02
2.550000000000000044e-01 9.813485359999999673e+02 5.669212320000000318e+02
2.650000000000000133e-01 9.191850520000000415e+02 5.441231830000000400e+02
2.750000000000000222e-01 8.597350000000000136e+02 5.035771750000000111e+02
2.849999999999999756e-01 8.010710340000000542e+02 4.570422209999999836e+02
2.949999999999999845e-01 7.574632129999999961e+02 4.300125310000000241e+02
3.049999999999999933e-01 7.029376939999999649e+02 3.869332449999999994e+02
3.150000000000000022e-01 6.625605130000000145e+02 3.517590410000000247e+02
3.250000000000000111e-01 6.222570779999999786e+02 3.213950189999999907e+02
3.350000000000000200e-01 5.933417500000000473e+02 3.086387100000000032e+02
3.449999999999999734e-01 5.596352040000000443e+02 2.795990140000000110e+02
3.549999999999999822e-01 5.283546019999999999e+02 2.555045929999999998e+02
3.649999999999999911e-01 5.037487639999999942e+02 2.310149480000000040e+02
3.750000000000000000e-01 4.748660080000000221e+02 2.174351810000000000e+02
3.850000000000000089e-01 4.516423379999999952e+02 2.029468950000000120e+02
3.950000000000000178e-01 4.296116000000000099e+02 1.826694109999999966e+02
