5.000000000000000104e-03 1.736202090600000156e+04 2.448852265700000135e+04
1.499999999999999944e-02 1.968128517799999827e+04 1.669180891999999949e+04
2.500000000000000139e-02 1.760234637999999904e+04 1.358611237599999913e+04
3.500000000000000333e-02 1.361411158099999921e+04 1.024369921600000089e+04
4.499999999999999833e-02 1.056775036100000034e+04 7.682951986000000034e+03
5.500000000000000028e-02 8.963374818000000232e+03 6.510777874000000338e+03
6.500000000000000222e-02 7.990884828000000198e+03 5.958185492999999951e+03
7.499999999999999722e-02 6.788502161999999771e+03 4.937656769000000168e+03
8.500000000000000611e-02 5.757787167000000409e+03 4.435829695999999785e+03
9.500000000000000111e-02 4.740224522999999863e+03 3.438175197000000026e+03
1.049999999999999961e-01 4.037030662000000120e+03 3.000935641999999916e+03
1.150000000000000050e-01 3.588993223999999827e+03 2.643924726000000192e+03
1.250000000000000000e-01 3.314854033999999956e+03 2.299114916999999878e+03
1.350000000000000089e-01 2.959008694999999989e+03 2.044168143999999984e+03
1.449999999999999900e-01 2.621572142999999869e+03 1.783194216999999981e+03
1.549999999999999989e-01 2.274871012000000064e+03 1.636327017000000069e+03
1.650000000000000078e-01 2.046735615000000053e+03 1.418926165999999967e+03
1.749999999999999889e-01 1.843849220000000059e+03 1.238471618000000035e+03
1.849999999999999978e-01 1.725346661999999924e+03 1.144942823999999973e+03
1.950000000000000067e-01 1.594710505999999896e+03 1.032804129999999986e+03
2.049999999999999878e-01 1.458072689000000082e+03 9.077511540000000423e+02
2.149999999999999967e-01 1.332070993000000044e+03 8.521245559999999841e+02
2.250000000000000056e-01 1.218316829999999982e+03 7.880947569999999587e+02
2.349999999999999867e-01 1.121058584000000110e+03 6.989151739999999791e+02
2.449999999999999956e-01 1.047989375999999993e+03 6.360277220000000398e+02
2.550000000000000044e-01 9.814078409999999622e+02 5.903758109999999988e+02
2.650000000000000133e-01 9.179091779999999972e+02 5.252082020000000284e+02
2.750000000000000222e-01 8.568815469999999550e+02 4.938705120000000193e+02
2.849999999999999756e-01 7.998608819999999469e+02 4.553488649999999893e+02
2.949999999999999845e-01 7.530203830000000380e+02 4.349623730000000137e+02
3.049999999999999933e-01 7.069577309999999670e+02 3.964068270000000211e+02
3.150000000000000022e-01 6.655103639999999814e+02 3.501042279999999778e+02
3.250000000000000111e-01 6.240271770000000515e+02 3.305291359999999941e+02
3.350000000000000200e-01 5.895587080000000242e+02 3.054751309999999762e+02
3.449999999999999734e-01 5.604088289999999688e+02 2.795927909999999770e+02
3.549999999999999822e-01 5.286997000000000071e+02 2.648702670000000126e+02
3.649999999999999911e-01 4.994794319999999743e+02 2.341256549999999947e+02
3.750000000000000000e-01 4.753750069999999823e+02 2.076491120000000024e+02
3.850000000000000089e-01 4.522057399999999916e+02 2.017012369999999919e+02
3.950000000000000178e-01 4.298029779999999960e+02 1.923746260000000063e+02
