5.000000000000000104e-03 1.412121653300000071e+04 1.193613416200000029e+04
1.499999999999999944e-02 1.938997374199999831e+04 1.789205466700000034e+04
2.500000000000000139e-02 1.792144274999999834e+04 1.564663297299999977e+04
3.500000000000000333e-02 1.360313664099999914e+04 1.076467111300000033e+04
4.499999999999999833e-02 1.085977095000000008e+04 8.327360726999999315e+03
5.500000000000000028e-02 8.868299455000000307e+03 6.875833431000000019e+03
6.500000000000000222e-02 7.821420866000000387e+03 5.866715500999999676e+03
7.499999999999999722e-02 6.826687329000000318e+03 4.983645964000000276e+03
8.500000000000000611e-02 5.805997056999999586e+03 4.455910589000000073e+03
9.500000000000000111e-02 4.648050068999999894e+03 3.183960935000000063e+03
1.049999999999999961e-01 3.988255145999999968e+03 2.965749181000000135e+03
1.150000000000000050e-01 3.565882700000000114e+03 2.522747472000000016e+03
1.250000000000000000e-01 3.261335478999999850e+03 2.314138089000000036e+03
1.350000000000000089e-01 2.917414214999999786e+03 1.909689325000000053e+03
1.449999999999999900e-01 2.621983889000000090e+03 1.785074675000000070e+03
1.549999999999999989e-01 2.302218186999999944e+03 1.578588567999999896e+03
1.650000000000000078e-01 2.017957335999999941e+03 1.347598885999999993e+03
1.749999999999999889e-01 1.871244431000000077e+03 1.263026110999999901e+03
1.849999999999999978e-01 1.730133937000000060e+03 1.149020610000000033e+03
1.950000000000000067e-01 1.583333456999999953e+03 1.038456867999999986e+03
2.049999999999999878e-01 1.463286747999999989e+03 9.407498500000000377e+02
2.149999999999999967e-01 1.332668809000000010e+03 8.324744070000000420e+02
2.250000000000000056e-01 1.222581873999999971e+03 7.965551540000000159e+02
2.349999999999999867e-01 1.128247337999999900e+03 7.050206050000000459e+02
2.449999999999999956e-01 1.049336935000000040e+03 6.607307100000000446e+02
2.550000000000000044e-01 9.797761339999999564e+02 5.814641709999999648e+02
2.650000000000000133e-01 9.257888359999999466e+02 5.508186980000000403e+02
2.750000000000000222e-01 8.546966700000000401e+02 4.927661249999999882e+02
2.849999999999999756e-01 7.982246999999999844e+02 4.550630610000000047e+02
2.949999999999999845e-01 7.537277920000000222e+02 4.185390639999999962e+02
3.049999999999999933e-01 7.031946599999999989e+02 3.927244650000000092e+02
3.150000000000000022e-01 6.646456120000000283e+02 3.467519560000000070e+02
3.250000000000000111e-01 6.193481560000000172e+02 3.243812510000000202e+02
3.350000000000000200e-01 5.925741580000000113e+02 2.982850890000000277e+02
3.449999999999999734e-01 5.612813800000000128e+02 2.758299989999999866e+02
3.549999999999999822e-01 5.284545920000000478e+02 2.520256679999999960e+02
3.649999999999999911e-01 5.009474999999999909e+02 2.360210260000000062e+02
3.750000000000000000e-01 4.754552850000000035e+02 2.131669320000000027e+02
3.850000000000000089e-01 4.509192859999999996e+02 1.916348169999999982e+02
3.950000000000000178e-01 4.310231549999999743e+02 1.890176789999999869e+02
