5.000000000000000104e-03 1.552770142544000009e+04 1.307019302260000040e+04
1.499999999999999944e-02 1.925817967319999661e+04 1.557304346120000082e+04
2.500000000000000139e-02 1.734366709772000104e+04 1.343772701799999959e+04
3.500000000000000333e-02 1.347343980484000167e+04 1.033253676248000011e+04
4.499999999999999833e-02 1.061145273448000262e+04 7.852062314799999513e+03
5.500000000000000028e-02 9.019402091999998447e+03 6.755067726919998677e+03
6.500000000000000222e-02 7.952060554320000847e+03 5.949248779520000426e+03
7.499999999999999722e-02 6.876566285399999288e+03 4.990299439520000305e+03
8.500000000000000611e-02 5.735636923439999919e+03 4.205246502120000514e+03
9.500000000000000111e-02 4.696990852359999735e+03 3.407253123800000139e+03
1.049999999999999961e-01 3.989279945559999760e+03 2.882820458000000144e+03
1.150000000000000050e-01 3.561471285879999414e+03 2.550096608080000351e+03
1.250000000000000000e-01 3.259793644799999129e+03 2.285529450160000124e+03
1.350000000000000089e-01 2.962717842319999363e+03 2.031651942319999989e+03
1.449999999999999900e-01 2.617081854479999947e+03 1.774656427560000111e+03
1.549999999999999989e-01 2.288402530880000086e+03 1.588776535919999787e+03
1.650000000000000078e-01 2.035052426080000259e+03 1.392999594240000079e+03
1.749999999999999889e-01 1.848902631120000251e+03 1.249807153919999791e+03
1.849999999999999978e-01 1.717034786760000088e+03 1.134364181519999875e+03
1.950000000000000067e-01 1.589377967440000020e+03 1.027738486759999887e+03
2.049999999999999878e-01 1.457687089759999935e+03 9.289415801999999758e+02
2.149999999999999967e-01 1.331573126839999986e+03 8.483211820399999397e+02
2.250000000000000056e-01 1.219078589400000055e+03 7.747432045599999810e+02
2.349999999999999867e-01 1.125969482559999960e+03 7.078072542399999065e+02
2.449999999999999956e-01 1.049946588679999877e+03 6.419361534399999982e+02
2.550000000000000044e-01 9.824380283199998303e+02 5.840721084799999971e+02
2.650000000000000133e-01 9.191290552400001843e+02 5.381106403200000159e+02
2.750000000000000222e-01 8.556169715999999426e+02 4.924857931200000394e+02
2.849999999999999756e-01 8.003355848400001378e+02 4.546088839199999256e+02
2.949999999999999845e-01 7.495857761999999411e+02 4.180050526399999740e+02
3.049999999999999933e-01 7.040505010800000036e+02 3.869476053600000114e+02
3.150000000000000022e-01 6.636117764399999714e+02 3.520519944000000123e+02
3.250000000000000111e-01 6.261248883599999999e+02 3.243906502400000136e+02
3.350000000000000200e-01 5.915563376800000697e+02 2.996256828399999677e+02
3.449999999999999734e-01 5.591127168800001073e+02 2.763899700000000053e+02
3.549999999999999822e-01 5.287343252400000893e+02 2.559703934000000061e+02
3.649999999999999911e-01 5.010869826000000558e+02 2.348660420400000248e+02
3.750000000000000000e-01 4.749324822400000130e+02 2.149032084400000144e+02
3.850000000000000089e-01 4.523184738000000493e+02 1.997555160800000067e+02
3.950000000000000178e-01 4.294961336400000391e+02 1.846548830399999872e+02
