5.000000000000000104e-03 1.339177214199999980e+04 6.822068604000000050e+03
1.499999999999999944e-02 1.910361710799999855e+04 1.398004879299999993e+04
2.500000000000000139e-02 1.754080172300000049e+04 1.572479744500000015e+04
3.500000000000000333e-02 1.358491943100000026e+04 1.026552883199999997e+04
4.499999999999999833e-02 1.047542808900000091e+04 7.720857981000000109e+03
5.500000000000000028e-02 8.901208144000000175e+03 6.537638968999999634e+03
6.500000000000000222e-02 8.035861429999999928e+03 6.179445004000000154e+03
7.499999999999999722e-02 6.838083950000000186e+03 4.834926075000000310e+03
8.500000000000000611e-02 5.805203980000000229e+03 4.435780722000000424e+03
9.500000000000000111e-02 4.700220481000000291e+03 3.442905044000000089e+03
1.049999999999999961e-01 3.984931725999999799e+03 2.926615732000000207e+03
1.150000000000000050e-01 3.566065365999999813e+03 2.543913051999999880e+03
1.250000000000000000e-01 3.277766109000000142e+03 2.362368856999999934e+03
1.350000000000000089e-01 2.953784760000000006e+03 2.013103219000000081e+03
1.449999999999999900e-01 2.641256057999999939e+03 1.835125723999999991e+03
1.549999999999999989e-01 2.288805988000000070e+03 1.583143115999999964e+03
1.650000000000000078e-01 2.029127087000000074e+03 1.409343078999999989e+03
1.749999999999999889e-01 1.847077403999999888e+03 1.235019682000000103e+03
1.849999999999999978e-01 1.718337792999999920e+03 1.165107637999999952e+03
1.950000000000000067e-01 1.589582300999999916e+03 1.037036018000000013e+03
2.049999999999999878e-01 1.457050482000000102e+03 9.512963760000000093e+02
2.149999999999999967e-01 1.335149938999999904e+03 8.742087910000000193e+02
2.250000000000000056e-01 1.218110836000000063e+03 7.792891170000000329e+02
2.349999999999999867e-01 1.128834372000000030e+03 6.975511770000000524e+02
2.449999999999999956e-01 1.048784345999999914e+03 6.549848899999999503e+02
2.550000000000000044e-01 9.907712609999999813e+02 6.056855389999999488e+02
2.650000000000000133e-01 9.181944899999999734e+02 5.263073869999999488e+02
2.750000000000000222e-01 8.506753670000000511e+02 5.068549919999999815e+02
2.849999999999999756e-01 8.007878140000000258e+02 4.565315209999999979e+02
2.949999999999999845e-01 7.473860620000000381e+02 4.178296550000000025e+02
3.049999999999999933e-01 7.039207239999999501e+02 3.903936150000000112e+02
3.150000000000000022e-01 6.665995689999999740e+02 3.501566510000000108e+02
3.250000000000000111e-01 6.256204940000000079e+02 3.252846729999999980e+02
3.350000000000000200e-01 5.905108089999999947e+02 2.960168869999999970e+02
3.449999999999999734e-01 5.629809569999999894e+02 2.751906890000000203e+02
3.549999999999999822e-01 5.304353579999999511e+02 2.524368959999999902e+02
3.649999999999999911e-01 5.024275650000000155e+02 2.397962129999999945e+02
3.750000000000000000e-01 4.756430179999999837e+02 2.221877969999999891e+02
3.850000000000000089e-01 4.538304570000000240e+02 1.978088999999999942e+02
3.950000000000000178e-01 4.295904659999999922e+02 1.864886180000000024e+02
