5.000000000000000104e-03 1.598170877699999983e+04 1.506727467600000091e+04
1.499999999999999944e-02 1.934812629400000151e+04 1.480563709299999937e+04
2.500000000000000139e-02 1.686356095500000083e+04 1.217337000500000067e+04
3.500000000000000333e-02 1.340390274499999941e+04 9.857584738999999900e+03
4.499999999999999833e-02 1.040777872899999966e+04 7.530986871000000065e+03
5.500000000000000028e-02 8.967524047999999311e+03 7.044749851999999919e+03
6.500000000000000222e-02 7.833528992999999900e+03 5.732179326999999830e+03
7.499999999999999722e-02 6.969943162999999913e+03 5.283894997000000330e+03
8.500000000000000611e-02 5.716401622000000316e+03 3.998786697000000004e+03
9.500000000000000111e-02 4.675380060999999841e+03 3.456171401999999944e+03
1.049999999999999961e-01 3.980943835000000036e+03 2.852651937999999973e+03
1.150000000000000050e-01 3.590402238000000125e+03 2.637732856000000083e+03
1.250000000000000000e-01 3.260922692000000097e+03 2.320053528999999799e+03
1.350000000000000089e-01 2.979814910999999938e+03 2.086767820000000029e+03
1.449999999999999900e-01 2.622030069999999796e+03 1.786677670999999918e+03
1.549999999999999989e-01 2.279480712999999923e+03 1.576017818000000034e+03
1.650000000000000078e-01 2.027959354999999960e+03 1.370182992000000013e+03
1.749999999999999889e-01 1.835518833000000086e+03 1.221209309000000076e+03
1.849999999999999978e-01 1.715909628000000112e+03 1.132368590999999924e+03
1.950000000000000067e-01 1.595200937000000067e+03 1.048874841999999944e+03
2.049999999999999878e-01 1.451630497999999989e+03 9.126488679999999931e+02
2.149999999999999967e-01 1.339772598000000016e+03 8.417510049999999637e+02
2.250000000000000056e-01 1.210227701999999908e+03 7.919273640000000114e+02
2.349999999999999867e-01 1.130446022000000085e+03 7.177075260000000299e+02
2.449999999999999956e-01 1.050388241000000107e+03 6.404320890000000190e+02
2.550000000000000044e-01 9.818412510000000566e+02 5.976462930000000142e+02
2.650000000000000133e-01 9.219986830000000282e+02 5.572921969999999874e+02
2.750000000000000222e-01 8.560934839999999895e+02 4.902075800000000072e+02
2.849999999999999756e-01 7.966023480000000063e+02 4.595039610000000039e+02
2.949999999999999845e-01 7.490401130000000194e+02 4.131215980000000059e+02
3.049999999999999933e-01 7.036297550000000456e+02 3.930152519999999754e+02
3.150000000000000022e-01 6.648798960000000307e+02 3.613681700000000205e+02
3.250000000000000111e-01 6.251692659999999933e+02 3.272040129999999749e+02
3.350000000000000200e-01 5.923458910000000515e+02 3.057502470000000017e+02
3.449999999999999734e-01 5.573249530000000505e+02 2.659857380000000262e+02
3.549999999999999822e-01 5.282262200000000121e+02 2.546307299999999998e+02
3.649999999999999911e-01 5.030548299999999813e+02 2.390167409999999961e+02
3.750000000000000000e-01 4.754728880000000117e+02 2.160394560000000013e+02
3.850000000000000089e-01 4.493995029999999815e+02 1.969079480000000046e+02
3.950000000000000178e-01 4.306595750000000180e+02 1.818875529999999969e+02
