5.000000000000000104e-03 1.452544494200000008e+04 1.181642245600000024e+04
1.499999999999999944e-02 2.063121849500000098e+04 1.837778280399999858e+04
2.500000000000000139e-02 1.823158198099999936e+04 1.574403682300000037e+04
3.500000000000000333e-02 1.362661024499999985e+04 1.036534890099999939e+04
4.499999999999999833e-02 1.037068737999999939e+04 6.567471265999999559e+03
5.500000000000000028e-02 9.116503694000000905e+03 6.995581530999999814e+03
6.500000000000000222e-02 7.916150445000000218e+03 5.521153594999999768e+03
7.499999999999999722e-02 6.885066286999999647e+03 5.141661653000000115e+03
8.500000000000000611e-02 5.645224927000000207e+03 4.161821316999999908e+03
9.500000000000000111e-02 4.695885584999999992e+03 3.427959876999999778e+03
1.049999999999999961e-01 3.987137948000000051e+03 2.827210399999999936e+03
1.150000000000000050e-01 3.535568090000000211e+03 2.528915610000000015e+03
1.250000000000000000e-01 3.258126673000000210e+03 2.156407486000000063e+03
1.350000000000000089e-01 2.954986878000000161e+03 2.063039850000000115e+03
1.449999999999999900e-01 2.632423025999999936e+03 1.798574998000000051e+03
1.549999999999999989e-01 2.257385365000000093e+03 1.511438630999999987e+03
1.650000000000000078e-01 2.056903538000000026e+03 1.373478431000000000e+03
1.749999999999999889e-01 1.852967282000000068e+03 1.230581903999999895e+03
1.849999999999999978e-01 1.732791719000000057e+03 1.152147414999999910e+03
1.950000000000000067e-01 1.584876964000000044e+03 1.046759929000000056e+03
2.049999999999999878e-01 1.449285920000000033e+03 9.147625379999999495e+02
2.149999999999999967e-01 1.338845583000000033e+03 8.569399710000000141e+02
2.250000000000000056e-01 1.215205484999999953e+03 7.888636850000000322e+02
2.349999999999999867e-01 1.121634371000000101e+03 7.086342829999999822e+02
2.449999999999999956e-01 1.048425083000000086e+03 6.414992479999999659e+02
2.550000000000000044e-01 9.816585039999999935e+02 5.994490720000000010e+02
2.650000000000000133e-01 9.173307579999999462e+02 5.292919200000000046e+02
2.750000000000000222e-01 8.550479090000000042e+02 4.829911250000000109e+02
2.849999999999999756e-01 7.960843899999999849e+02 4.497644070000000056e+02
2.949999999999999845e-01 7.483509050000000116e+02 4.161600109999999972e+02
3.049999999999999933e-01 7.027229220000000396e+02 3.812500969999999825e+02
3.150000000000000022e-01 6.610222350000000233e+02 3.511284570000000258e+02
3.250000000000000111e-01 6.263569449999999961e+02 3.326787729999999783e+02
3.350000000000000200e-01 5.900490559999999505e+02 2.999237880000000018e+02
3.449999999999999734e-01 5.568486709999999675e+02 2.758729450000000156e+02
3.549999999999999822e-01 5.268853940000000193e+02 2.488521020000000021e+02
3.649999999999999911e-01 5.001640090000000214e+02 2.359732160000000079e+02
3.750000000000000000e-01 4.726439550000000054e+02 2.112131740000000093e+02
3.850000000000000089e-01 4.524356710000000135e+02 1.925244160000000022e+02
3.950000000000000178e-01 4.282942969999999718e+02 1.827551459999999963e+02
