5.000000000000000104e-03 1.684206561000000147e+04 2.069934062999999878e+04
1.499999999999999944e-02 1.908383980700000029e+04 1.661657570699999997e+04
2.500000000000000139e-02 1.746217403900000136e+04 1.236991112099999918e+04
3.500000000000000333e-02 1.332139527799999996e+04 1.025691646600000058e+04
4.499999999999999833e-02 1.087650476899999921e+04 8.004971685999999863e+03
5.500000000000000028e-02 9.051350731000000451e+03 6.671634342999999717e+03
6.500000000000000222e-02 7.887718789999999899e+03 5.969836170999999922e+03
7.499999999999999722e-02 6.922690786999999546e+03 4.870564446999999745e+03
8.500000000000000611e-02 5.751379753000000164e+03 4.253460315000000264e+03
9.500000000000000111e-02 4.714444575000000441e+03 3.476112505000000056e+03
1.049999999999999961e-01 4.026006866000000173e+03 2.912277966999999990e+03
1.150000000000000050e-01 3.575783762999999908e+03 2.617027343000000201e+03
1.250000000000000000e-01 3.258873105000000123e+03 2.296259895000000142e+03
1.350000000000000089e-01 2.953890038999999888e+03 2.026754235000000108e+03
1.449999999999999900e-01 2.610352279000000181e+03 1.718391560000000027e+03
1.549999999999999989e-01 2.283400905999999850e+03 1.610037379999999985e+03
1.650000000000000078e-01 2.047691882999999962e+03 1.388492782000000034e+03
1.749999999999999889e-01 1.840188838000000032e+03 1.248016896999999972e+03
1.849999999999999978e-01 1.721421794000000091e+03 1.142800023000000010e+03
1.950000000000000067e-01 1.604309287000000040e+03 1.059072012999999970e+03
2.049999999999999878e-01 1.455891746999999896e+03 9.190841370000000552e+02
2.149999999999999967e-01 1.337491420000000062e+03 8.605378610000000208e+02
2.250000000000000056e-01 1.217637586999999940e+03 7.935401289999999790e+02
2.349999999999999867e-01 1.127671029999999973e+03 7.022212620000000243e+02
2.449999999999999956e-01 1.052765679999999975e+03 6.498448039999999537e+02
2.550000000000000044e-01 9.863456340000000182e+02 5.976953630000000430e+02
2.650000000000000133e-01 9.161218410000000176e+02 5.423504400000000487e+02
2.750000000000000222e-01 8.608355299999999488e+02 5.119236000000000217e+02
2.849999999999999756e-01 8.004459980000000314e+02 4.469329650000000242e+02
2.949999999999999845e-01 7.523047950000000128e+02 4.138232550000000174e+02
3.049999999999999933e-01 7.079772050000000263e+02 4.053617970000000241e+02
3.150000000000000022e-01 6.663265229999999519e+02 3.490377290000000130e+02
3.250000000000000111e-01 6.303955379999999877e+02 3.278526880000000006e+02
3.350000000000000200e-01 5.912484399999999596e+02 3.032211130000000026e+02
3.449999999999999734e-01 5.613148250000000417e+02 2.793996950000000083e+02
3.549999999999999822e-01 5.292377529999999979e+02 2.548596239999999966e+02
3.649999999999999911e-01 5.027252369999999928e+02 2.307061889999999948e+02
3.750000000000000000e-01 4.738926240000000121e+02 2.144413150000000030e+02
3.850000000000000089e-01 4.523865700000000061e+02 2.043017849999999953e+02
3.950000000000000178e-01 4.295631500000000074e+02 1.829178119999999979e+02
