5.000000000000000104e-03 1.889383485099999962e+04 2.065374645199999941e+04
1.499999999999999944e-02 1.868378483300000153e+04 1.367517133099999955e+04
2.500000000000000139e-02 1.688421447300000000e+04 1.328922432699999990e+04
3.500000000000000333e-02 1.344362082100000043e+04 1.051397342100000060e+04
4.499999999999999833e-02 1.095881632600000012e+04 8.501620930999999473e+03
5.500000000000000028e-02 8.998283582000000024e+03 6.609868341000000328e+03
6.500000000000000222e-02 7.959673974999999700e+03 6.232817906000000221e+03
7.499999999999999722e-02 6.847237629999999626e+03 5.105000973000000158e+03
8.500000000000000611e-02 5.805031726999999591e+03 4.333366864999999962e+03
9.500000000000000111e-02 4.654912049999999908e+03 3.316120617999999922e+03
1.049999999999999961e-01 3.979459467000000132e+03 2.789677596999999878e+03
1.150000000000000050e-01 3.539718103000000156e+03 2.459054751000000124e+03
1.250000000000000000e-01 3.251316605999999865e+03 2.201910704999999780e+03
1.350000000000000089e-01 2.972497522000000117e+03 2.051696554000000106e+03
1.449999999999999900e-01 2.615241812000000209e+03 1.786922088999999914e+03
1.549999999999999989e-01 2.282583113000000139e+03 1.575767043000000058e+03
1.650000000000000078e-01 2.022423810000000003e+03 1.359319300000000112e+03
1.749999999999999889e-01 1.859780584000000090e+03 1.266711348999999927e+03
1.849999999999999978e-01 1.720739072999999962e+03 1.129351386999999932e+03
1.950000000000000067e-01 1.582063576999999896e+03 1.005265785000000051e+03
2.049999999999999878e-01 1.467166257999999971e+03 9.319233940000000302e+02
2.149999999999999967e-01 1.329346473000000060e+03 8.503309379999999464e+02
2.250000000000000056e-01 1.226524521999999934e+03 7.737096659999999702e+02
2.349999999999999867e-01 1.122734699999999975e+03 7.015413579999999456e+02
2.449999999999999956e-01 1.045933221000000003e+03 6.324026999999999816e+02
2.550000000000000044e-01 9.782374670000000378e+02 5.768797329999999874e+02
2.650000000000000133e-01 9.157110440000000153e+02 5.277646170000000438e+02
2.750000000000000222e-01 8.524371559999999590e+02 4.979703380000000266e+02
2.849999999999999756e-01 8.048924329999999827e+02 4.616458939999999984e+02
2.949999999999999845e-01 7.468629439999999704e+02 4.165409399999999778e+02
3.049999999999999933e-01 7.015014710000000377e+02 3.793359439999999836e+02
3.150000000000000022e-01 6.625861690000000408e+02 3.523717419999999834e+02
3.250000000000000111e-01 6.240547000000000253e+02 3.145584410000000162e+02
3.350000000000000200e-01 5.902757370000000492e+02 3.042526199999999790e+02
3.449999999999999734e-01 5.593576920000000428e+02 2.764616530000000125e+02
3.549999999999999822e-01 5.296629719999999679e+02 2.530989700000000084e+02
3.649999999999999911e-01 4.992719539999999938e+02 2.368647809999999936e+02
3.750000000000000000e-01 4.748364270000000147e+02 2.145774830000000009e+02
3.850000000000000089e-01 4.524663279999999759e+02 1.977531400000000019e+02
3.950000000000000178e-01 4.289793129999999906e+02 1.843557900000000132e+02
