5.000000000000000104e-03 1.998564394600000014e+04 1.493240087599999970e+04
1.499999999999999944e-02 1.874872082900000169e+04 1.674559359000000040e+04
2.500000000000000139e-02 1.697913475000000108e+04 1.414143827299999975e+04
3.500000000000000333e-02 1.350604601299999922e+04 1.140126100600000063e+04
4.499999999999999833e-02 1.055226278500000080e+04 7.729977264000000105e+03
5.500000000000000028e-02 8.972338466999999582e+03 6.417353764000000410e+03
6.500000000000000222e-02 7.960658091000000240e+03 5.802390171000000009e+03
7.499999999999999722e-02 6.847972990999999638e+03 5.019254495999999563e+03
8.500000000000000611e-02 5.739123292000000220e+03 4.058465764000000036e+03
9.500000000000000111e-02 4.668961441999999806e+03 3.314923951000000216e+03
1.049999999999999961e-01 4.059381096000000070e+03 3.037667774000000009e+03
1.150000000000000050e-01 3.560204737999999907e+03 2.534717287999999826e+03
1.250000000000000000e-01 3.227873850999999831e+03 2.239567837999999938e+03
1.350000000000000089e-01 2.972079506000000038e+03 2.080018946000000142e+03
1.449999999999999900e-01 2.609210574000000179e+03 1.792700129999999945e+03
1.549999999999999989e-01 2.292093726999999944e+03 1.539187476000000061e+03
1.650000000000000078e-01 2.038177022000000079e+03 1.405782044999999925e+03
1.749999999999999889e-01 1.857176965999999993e+03 1.225392141999999922e+03
1.849999999999999978e-01 1.720953389999999899e+03 1.130052404999999908e+03
1.950000000000000067e-01 1.587471815999999990e+03 1.018337515000000053e+03
2.049999999999999878e-01 1.461694056999999930e+03 9.522664290000000165e+02
2.149999999999999967e-01 1.316692598000000089e+03 8.065666850000000068e+02
2.250000000000000056e-01 1.218531905000000052e+03 7.957339990000000398e+02
2.349999999999999867e-01 1.125960246999999981e+03 7.133747110000000475e+02
2.449999999999999956e-01 1.045624996999999894e+03 6.337867969999999787e+02
2.550000000000000044e-01 9.837782469999999648e+02 5.941350820000000112e+02
2.650000000000000133e-01 9.193159460000000536e+02 5.482451949999999670e+02
2.750000000000000222e-01 8.495021799999999530e+02 4.961154329999999959e+02
2.849999999999999756e-01 7.996473780000000033e+02 4.680572020000000180e+02
2.949999999999999845e-01 7.457708840000000237e+02 4.119216440000000148e+02
3.049999999999999933e-01 7.046934810000000198e+02 3.892415100000000052e+02
3.150000000000000022e-01 6.612722370000000183e+02 3.604745449999999778e+02
3.250000000000000111e-01 6.278985149999999749e+02 3.258762970000000223e+02
3.350000000000000200e-01 5.900304290000000265e+02 2.971960960000000114e+02
3.449999999999999734e-01 5.579798759999999902e+02 2.775057180000000017e+02
3.549999999999999822e-01 5.282267560000000231e+02 2.579606769999999756e+02
3.649999999999999911e-01 5.021787229999999909e+02 2.372013719999999921e+02
3.750000000000000000e-01 4.752987699999999904e+02 2.181626359999999920e+02
3.850000000000000089e-01 4.533038809999999899e+02 2.077120580000000132e+02
3.950000000000000178e-01 4.296639819999999759e+02 1.838330510000000118e+02
