5.000000000000000104e-03 1.331755534599999919e+04 7.319621431999999913e+03
1.499999999999999944e-02 2.273282377999999881e+04 2.328959160600000178e+04
2.500000000000000139e-02 1.697927724500000113e+04 1.160552779000000010e+04
3.500000000000000333e-02 1.365859392800000023e+04 1.069025462700000026e+04
4.499999999999999833e-02 1.049242634899999939e+04 7.648057243999999628e+03
5.500000000000000028e-02 8.896552584999999453e+03 6.742216180999999779e+03
6.500000000000000222e-02 7.982015537000000222e+03 6.308854930000000422e+03
7.499999999999999722e-02 6.891734816999999566e+03 4.817785468000000037e+03
8.500000000000000611e-02 5.767672980000000280e+03 4.204185566000000108e+03
9.500000000000000111e-02 4.712180172999999741e+03 3.516852883999999904e+03
1.049999999999999961e-01 3.924987795000000006e+03 2.758658253000000059e+03
1.150000000000000050e-01 3.561797814999999900e+03 2.548086887999999817e+03
1.250000000000000000e-01 3.259117012000000159e+03 2.301916987000000063e+03
1.350000000000000089e-01 2.976122296999999890e+03 2.002860809000000017e+03
1.449999999999999900e-01 2.625041567000000214e+03 1.760991013000000066e+03
1.549999999999999989e-01 2.302047572999999829e+03 1.591327009999999973e+03
1.650000000000000078e-01 2.021317498999999998e+03 1.395936194999999998e+03
1.749999999999999889e-01 1.841070922999999993e+03 1.198711876999999959e+03
1.849999999999999978e-01 1.712910742000000027e+03 1.155678177000000005e+03
1.950000000000000067e-01 1.600946147999999994e+03 1.012660111000000029e+03
2.049999999999999878e-01 1.446802793000000065e+03 9.153458699999999908e+02
2.149999999999999967e-01 1.329987949000000071e+03 8.461075540000000501e+02
2.250000000000000056e-01 1.217996564999999919e+03 7.593140110000000504e+02
2.349999999999999867e-01 1.124466114000000061e+03 7.070304109999999582e+02
2.449999999999999956e-01 1.052493050999999923e+03 6.423161790000000337e+02
2.550000000000000044e-01 9.848590359999999464e+02 5.853334119999999530e+02
2.650000000000000133e-01 9.186922120000000405e+02 5.349694040000000541e+02
2.750000000000000222e-01 8.510432819999999765e+02 4.876087319999999750e+02
2.849999999999999756e-01 8.013817850000000362e+02 4.475174139999999738e+02
2.949999999999999845e-01 7.515411759999999504e+02 4.292735020000000077e+02
3.049999999999999933e-01 7.050075640000000021e+02 3.867946680000000015e+02
3.150000000000000022e-01 6.625947979999999689e+02 3.463145430000000147e+02
3.250000000000000111e-01 6.280920740000000251e+02 3.236712549999999737e+02
3.350000000000000200e-01 5.922057340000000067e+02 3.028108619999999860e+02
3.449999999999999734e-01 5.579336039999999457e+02 2.760292249999999967e+02
3.549999999999999822e-01 5.313027459999999564e+02 2.667525590000000193e+02
3.649999999999999911e-01 4.991776290000000245e+02 2.320393219999999985e+02
3.750000000000000000e-01 4.752921370000000252e+02 2.176575339999999983e+02
3.850000000000000089e-01 4.498403180000000248e+02 1.978439600000000098e+02
3.950000000000000178e-01 4.294317409999999882e+02 1.867410950000000014e+02
