5.000000000000000104e-03 1.738205260800000178e+04 1.650755501899999945e+04
1.499999999999999944e-02 1.877775648500000170e+04 1.234880903500000022e+04
2.500000000000000139e-02 1.684029809599999862e+04 1.222039311300000008e+04
3.500000000000000333e-02 1.362802972100000079e+04 1.081220922099999916e+04
4.499999999999999833e-02 1.059706252599999971e+04 7.863763780000000224e+03
5.500000000000000028e-02 9.106800911000000269e+03 7.191917590000000018e+03
6.500000000000000222e-02 7.928741113000000041e+03 5.962401788000000124e+03
7.499999999999999722e-02 6.899554481999999552e+03 5.174939454000000296e+03
8.500000000000000611e-02 5.766292371999999887e+03 4.268194451999999728e+03
9.500000000000000111e-02 4.687332368000000315e+03 3.341186843999999837e+03
1.049999999999999961e-01 3.957155147999999826e+03 2.837695169000000078e+03
1.150000000000000050e-01 3.539481161000000156e+03 2.606632754000000205e+03
1.250000000000000000e-01 3.240535199999999804e+03 2.320798647999999957e+03
1.350000000000000089e-01 2.965492463999999927e+03 2.064714993999999933e+03
1.449999999999999900e-01 2.613074422000000141e+03 1.836075340000000097e+03
1.549999999999999989e-01 2.310839386999999988e+03 1.667542885999999953e+03
1.650000000000000078e-01 2.029206425999999965e+03 1.408205781999999999e+03
1.749999999999999889e-01 1.864085861000000023e+03 1.279945574999999963e+03
1.849999999999999978e-01 1.708423614000000043e+03 1.145733850000000075e+03
1.950000000000000067e-01 1.581932006000000001e+03 1.006379614999999944e+03
2.049999999999999878e-01 1.448662405999999919e+03 9.117371369999999615e+02
2.149999999999999967e-01 1.337688767999999982e+03 8.875666750000000320e+02
2.250000000000000056e-01 1.219132162000000108e+03 7.821238499999999476e+02
2.349999999999999867e-01 1.124666842999999972e+03 6.958216149999999516e+02
2.449999999999999956e-01 1.047598559000000023e+03 6.303020209999999679e+02
2.550000000000000044e-01 9.811386800000000221e+02 5.806097839999999906e+02
2.650000000000000133e-01 9.133328370000000405e+02 5.416238789999999881e+02
2.750000000000000222e-01 8.577990909999999758e+02 4.824975019999999972e+02
2.849999999999999756e-01 8.019743760000000066e+02 4.533418990000000122e+02
2.949999999999999845e-01 7.496199779999999464e+02 4.259999429999999734e+02
3.049999999999999933e-01 7.027923439999999573e+02 3.914458240000000160e+02
3.150000000000000022e-01 6.641342680000000200e+02 3.561794899999999870e+02
3.250000000000000111e-01 6.256424570000000358e+02 3.151194970000000239e+02
3.350000000000000200e-01 5.889583480000000009e+02 2.948654960000000074e+02
3.449999999999999734e-01 5.570830399999999827e+02 2.821897870000000239e+02
3.549999999999999822e-01 5.255318909999999732e+02 2.498334199999999896e+02
3.649999999999999911e-01 5.013420970000000239e+02 2.365509839999999997e+02
3.750000000000000000e-01 4.738694140000000061e+02 2.223222480000000019e+02
3.850000000000000089e-01 4.524594020000000114e+02 1.995744699999999909e+02
3.950000000000000178e-01 4.315396240000000034e+02 1.836980130000000031e+02
