5.000000000000000104e-03 1.325853348100000039e+04 1.097920921199999975e+04
1.499999999999999944e-02 1.930951292299999841e+04 1.643132361300000048e+04
2.500000000000000139e-02 1.795945479799999885e+04 1.322535060899999917e+04
3.500000000000000333e-02 1.319763146799999959e+04 9.786478515000000698e+03
4.499999999999999833e-02 1.058026820299999963e+04 8.268686900000000605e+03
5.500000000000000028e-02 8.993109532000000399e+03 7.000624095000000125e+03
6.500000000000000222e-02 8.091321479000000181e+03 5.667950573000000077e+03
7.499999999999999722e-02 6.993467289999999593e+03 5.331570192000000134e+03
8.500000000000000611e-02 5.728551862000000256e+03 4.223015607000000273e+03
9.500000000000000111e-02 4.608774585000000116e+03 3.337625089000000116e+03
1.049999999999999961e-01 4.001321039999999812e+03 2.968193593999999848e+03
1.150000000000000050e-01 3.531815938000000187e+03 2.542390894000000117e+03
1.250000000000000000e-01 3.260961601999999857e+03 2.295301072000000204e+03
1.350000000000000089e-01 2.954659671999999773e+03 1.988867113000000018e+03
1.449999999999999900e-01 2.615582739999999831e+03 1.763605704000000060e+03
1.549999999999999989e-01 2.302886265999999978e+03 1.588873086000000058e+03
1.650000000000000078e-01 2.038966838000000052e+03 1.402335708000000068e+03
1.749999999999999889e-01 1.864333198000000039e+03 1.260877848999999969e+03
1.849999999999999978e-01 1.717141607999999906e+03 1.189499833000000081e+03
1.950000000000000067e-01 1.586961647999999968e+03 1.029051850999999942e+03
2.049999999999999878e-01 1.460515705999999909e+03 9.087152579999999489e+02
2.149999999999999967e-01 1.334608330999999907e+03 8.382282960000000003e+02
2.250000000000000056e-01 1.216709395999999970e+03 7.514361800000000358e+02
2.349999999999999867e-01 1.122908928000000060e+03 6.983528280000000450e+02
2.449999999999999956e-01 1.050585859999999911e+03 6.633143669999999474e+02
2.550000000000000044e-01 9.849911640000000261e+02 5.870774020000000064e+02
2.650000000000000133e-01 9.198730940000000373e+02 5.359734069999999519e+02
2.750000000000000222e-01 8.551510100000000421e+02 4.937282969999999978e+02
2.849999999999999756e-01 7.994446870000000445e+02 4.544949030000000221e+02
2.949999999999999845e-01 7.477268040000000155e+02 4.182589970000000221e+02
3.049999999999999933e-01 7.021599889999999959e+02 3.849340900000000261e+02
3.150000000000000022e-01 6.633891200000000481e+02 3.492710420000000227e+02
3.250000000000000111e-01 6.279211219999999685e+02 3.284762400000000184e+02
3.350000000000000200e-01 5.913622400000000425e+02 2.919952509999999961e+02
3.449999999999999734e-01 5.575279349999999567e+02 2.740268669999999815e+02
3.549999999999999822e-01 5.290242809999999736e+02 2.580187879999999723e+02
3.649999999999999911e-01 5.030943110000000047e+02 2.368327960000000019e+02
3.750000000000000000e-01 4.743657610000000204e+02 2.158781360000000120e+02
3.850000000000000089e-01 4.510733420000000251e+02 2.029235109999999906e+02
3.950000000000000178e-01 4.301730430000000069e+02 1.867090970000000141e+02
