5.000000000000000104e-03 1.550281147299999975e+04 7.751353062999999565e+03
1.499999999999999944e-02 1.758406456299999991e+04 9.541943456000000879e+03
2.500000000000000139e-02 1.747559200100000089e+04 1.239924794300000030e+04
3.500000000000000333e-02 1.355848633899999913e+04 9.470093790000000809e+03
4.499999999999999833e-02 1.046522707799999989e+04 7.290541095999999925e+03
5.500000000000000028e-02 9.117961681000000681e+03 7.075127892999999858e+03
6.500000000000000222e-02 7.742720701000000190e+03 5.968972177999999985e+03
7.499999999999999722e-02 6.877389385000000402e+03 4.989305249000000003e+03
8.500000000000000611e-02 5.721123207999999977e+03 4.165048017000000073e+03
9.500000000000000111e-02 4.753746331999999711e+03 3.420242721000000074e+03
1.049999999999999961e-01 4.037405724000000191e+03 2.923287260000000060e+03
1.150000000000000050e-01 3.575237904000000071e+03 2.555942696000000069e+03
1.250000000000000000e-01 3.281013282999999774e+03 2.379743061000000125e+03
1.350000000000000089e-01 2.970742433999999776e+03 2.013562897000000021e+03
1.449999999999999900e-01 2.607922774000000118e+03 1.739696793000000071e+03
1.549999999999999989e-01 2.274585802999999942e+03 1.578386238999999932e+03
1.650000000000000078e-01 2.028624810000000025e+03 1.387661207000000104e+03
1.749999999999999889e-01 1.851899294000000054e+03 1.266203531000000112e+03
1.849999999999999978e-01 1.710311924000000090e+03 1.129372012999999924e+03
1.950000000000000067e-01 1.586674453999999969e+03 1.024801731999999902e+03
2.049999999999999878e-01 1.461131810000000087e+03 9.288122130000000425e+02
2.149999999999999967e-01 1.340067485999999917e+03 8.521722290000000157e+02
2.250000000000000056e-01 1.221170427999999902e+03 7.705755249999999705e+02
2.349999999999999867e-01 1.124193410000000085e+03 7.144557549999999537e+02
2.449999999999999956e-01 1.046406228000000056e+03 6.334722170000000006e+02
2.550000000000000044e-01 9.761406329999999798e+02 5.705360510000000431e+02
2.650000000000000133e-01 9.230433860000000550e+02 5.376747490000000198e+02
2.750000000000000222e-01 8.580093660000000000e+02 4.724230210000000056e+02
2.849999999999999756e-01 8.025233590000000277e+02 4.616678479999999922e+02
2.949999999999999845e-01 7.507070830000000115e+02 4.179997619999999756e+02
3.049999999999999933e-01 7.057730430000000297e+02 3.820571820000000116e+02
3.150000000000000022e-01 6.624562879999999723e+02 3.471248780000000238e+02
3.250000000000000111e-01 6.307338569999999436e+02 3.277024450000000115e+02
3.350000000000000200e-01 5.924924839999999904e+02 2.992637310000000070e+02
3.449999999999999734e-01 5.563317909999999529e+02 2.649425160000000119e+02
3.549999999999999822e-01 5.279551669999999604e+02 2.627521249999999782e+02
3.649999999999999911e-01 5.020917309999999816e+02 2.390392080000000021e+02
3.750000000000000000e-01 4.746431200000000104e+02 2.098683540000000107e+02
3.850000000000000089e-01 4.534846999999999753e+02 1.963527819999999906e+02
3.950000000000000178e-01 4.305900500000000193e+02 1.884149510000000021e+02
