2.500000000000000052e-03 1.541249270638999951e+04 3.365399341698000353e+04
7.499999999999999722e-03 1.460799165209999956e+04 6.550657770091999737e+03
1.250000000000000069e-02 1.799714803509999911e+04 1.284601098022000042e+04
1.750000000000000167e-02 1.956024178504000156e+04 2.162392031601000053e+04
2.249999999999999917e-02 1.749036113842999839e+04 1.279373006940999949e+04
2.750000000000000014e-02 1.719694540395999866e+04 1.347482840790999944e+04
3.250000000000000111e-02 1.412247947333999946e+04 9.684510253910999381e+03
3.749999999999999861e-02 1.236145777640999950e+04 1.036903755052999986e+04
4.250000000000000305e-02 1.146229570799000066e+04 8.709123198923000018e+03
4.750000000000000056e-02 1.008771569473999989e+04 7.661103518939000423e+03
5.249999999999999806e-02 9.211901703043000452e+03 6.448524116988999594e+03
5.750000000000000250e-02 8.873358379179000622e+03 6.688808053392000147e+03
6.250000000000000000e-02 8.177861551384000450e+03 6.433820211283000390e+03
6.750000000000000444e-02 7.684197241826000209e+03 5.759303780084000209e+03
7.249999999999999500e-02 7.429352601587000208e+03 5.549805059209000319e+03
7.749999999999999944e-02 6.592631115324000348e+03 4.448030441189000157e+03
8.250000000000000389e-02 6.066843525985000269e+03 4.062791229796000152e+03
8.749999999999999445e-02 5.451890845308999815e+03 4.016547094811000079e+03
9.249999999999999889e-02 4.975143722556000284e+03 3.608761666005999814e+03
9.750000000000000333e-02 4.541778786185000172e+03 3.453130983266999920e+03
1.024999999999999939e-01 4.236522724962000211e+03 3.054050153616999978e+03
1.074999999999999983e-01 3.843004322283999954e+03 2.879597182781999891e+03
1.125000000000000028e-01 3.642422061570000096e+03 2.435368733164999867e+03
1.174999999999999933e-01 3.491749503278999782e+03 2.385365369148999889e+03
1.224999999999999978e-01 3.345807892629999969e+03 2.236186539787000129e+03
1.275000000000000022e-01 3.200711623518000124e+03 2.218858794927999952e+03
1.325000000000000067e-01 3.093309795569000016e+03 2.069368582958999923e+03
1.375000000000000111e-01 2.896797061416999895e+03 2.025724525423999921e+03
1.424999999999999878e-01 2.724685368989999915e+03 1.901958684230000017e+03
1.474999999999999922e-01 2.519768951955999910e+03 1.614962744590000057e+03
1.524999999999999967e-01 2.397663261047000105e+03 1.693631554200999972e+03
1.575000000000000011e-01 2.231464611124999919e+03 1.569542217538999921e+03
1.625000000000000056e-01 2.103562230035000084e+03 1.439291995563999990e+03
1.675000000000000100e-01 1.969813235459999987e+03 1.346866542875000050e+03
1.724999999999999867e-01 1.888012792509000064e+03 1.324523521669000047e+03
1.774999999999999911e-01 1.818791088769999988e+03 1.173852525015000083e+03
1.824999999999999956e-01 1.761881644087000041e+03 1.100790543760999981e+03
1.875000000000000000e-01 1.701639657123000006e+03 1.126024076432999891e+03
1.925000000000000044e-01 1.646384175243000072e+03 1.061383433359000037e+03
1.975000000000000089e-01 1.564426389040000004e+03 9.842953131199000154e+02
2.025000000000000133e-01 1.504213264152999955e+03 9.548019192497999938e+02
2.074999999999999900e-01 1.430305440457000032e+03 8.897979483304000041e+02
2.124999999999999944e-01 1.374165767852000045e+03 8.842474218557999848e+02
2.174999999999999989e-01 1.306324266021000085e+03 8.771446444716999622e+02
2.225000000000000033e-01 1.260192461482999988e+03 7.856855041229999870e+02
2.275000000000000078e-01 1.191388098960999969e+03 7.233266068415000518e+02
2.325000000000000122e-01 1.152113406747999989e+03 7.156462290496000378e+02
2.374999999999999889e-01 1.103646454665999954e+03 6.794363687170000503e+02
2.424999999999999933e-01 1.077478475539000101e+03 6.447089908988999696e+02
2.474999999999999978e-01 1.039782745150999972e+03 6.454682418923999876e+02
2.525000000000000022e-01 9.925834114197000417e+02 5.974608155831999738e+02
2.575000000000000067e-01 9.806868390459000011e+02 5.972047093387000132e+02
2.625000000000000111e-01 9.417649696065999478e+02 5.463375821798000516e+02
2.675000000000000155e-01 9.081141584599999987e+02 5.065144813384000031e+02
2.725000000000000200e-01 8.795357952747999661e+02 5.072552334749000238e+02
2.775000000000000244e-01 8.461584294578000254e+02 4.997565577135999888e+02
2.824999999999999734e-01 8.186851477614000032e+02 4.609838100975999851e+02
2.874999999999999778e-01 7.904827300319999495e+02 4.470469135261000133e+02
2.924999999999999822e-01 7.661872657326999843e+02 4.483007431839000105e+02
2.974999999999999867e-01 7.389503996442999778e+02 4.025707487723000213e+02
3.024999999999999911e-01 7.247685696413000187e+02 3.903142322140000147e+02
3.074999999999999956e-01 7.027386854699000196e+02 3.668238617979999958e+02
3.125000000000000000e-01 6.724468296052999676e+02 3.503363384890000134e+02
3.175000000000000044e-01 6.656605849612000156e+02 3.557747077472999990e+02
3.225000000000000089e-01 6.374819940260999829e+02 3.264547710728999732e+02
3.275000000000000133e-01 6.241150556503999951e+02 3.144776042949000043e+02
3.325000000000000178e-01 6.008967443847999448e+02 3.086357352399999741e+02
3.375000000000000222e-01 5.896122897111999919e+02 3.000090697241000157e+02
3.425000000000000266e-01 5.677441951114999483e+02 2.938858204951999937e+02
3.474999999999999756e-01 5.568454995217000487e+02 2.684304745686999922e+02
3.524999999999999800e-01 5.405810859078000021e+02 2.594981609638999771e+02
3.574999999999999845e-01 5.286003543279000496e+02 2.502637403463000112e+02
3.624999999999999889e-01 5.109033372412000062e+02 2.417679296613999895e+02
3.674999999999999933e-01 5.001184216694999805e+02 2.282852911898000059e+02
3.724999999999999978e-01 4.771161671196999805e+02 2.074545441148999885e+02
3.775000000000000022e-01 4.728381612293999865e+02 2.130455779170999904e+02
3.825000000000000067e-01 4.668042059855000048e+02 2.057529767558000060e+02
3.875000000000000111e-01 4.482066816122999739e+02 1.947320880681000119e+02
3.925000000000000155e-01 4.377183893992000208e+02 1.895491883445000099e+02
3.975000000000000200e-01 4.274125412825999888e+02 1.810494007442999873e+02
4.025000000000000244e-01 4.163652893725000013e+02 1.716055391266000072e+02
4.074999999999999734e-01 4.102330114466000168e+02 1.770456892939999989e+02
4.124999999999999778e-01 3.992829311318999999e+02 1.600946534269000097e+02
4.174999999999999822e-01 3.886415163016999941e+02 1.590708883544999992e+02
4.224999999999999867e-01 3.788974138027999743e+02 1.486051219294000134e+02
4.274999999999999911e-01 3.717270779461999837e+02 1.412301295798000069e+02
4.324999999999999956e-01 3.610033406099000217e+02 1.327657329269999877e+02
4.375000000000000000e-01 3.539408890430000270e+02 1.212086801075000011e+02
4.425000000000000044e-01 3.447149816720000217e+02 1.225075108061000009e+02
4.475000000000000089e-01 3.402540594681000243e+02 1.182938718708000039e+02
4.525000000000000133e-01 3.297984191790999944e+02 1.113739203349999940e+02
4.575000000000000178e-01 3.224760856217000082e+02 1.083301947168999959e+02
4.625000000000000222e-01 3.132228637626000136e+02 1.042190397967000024e+02
4.675000000000000266e-01 3.094442120969000030e+02 1.038427098625000013e+02
4.724999999999999756e-01 3.011202940179999814e+02 8.909571773992999510e+01
4.774999999999999800e-01 2.948140080292999983e+02 9.459301551568999855e+01
4.824999999999999845e-01 2.899665883677000124e+02 8.331983900154999390e+01
4.874999999999999889e-01 2.827924199505999923e+02 8.427517098942000473e+01
4.924999999999999933e-01 2.765317271530000198e+02 8.301995941760999642e+01
4.974999999999999978e-01 2.720922564772000101e+02 7.457125894589999859e+01
5.024999999999999467e-01 2.666291634427000190e+02 7.029761719574999290e+01
5.074999999999999512e-01 2.624805962867999938e+02 6.849343286437000700e+01
5.124999999999999556e-01 2.560999371597999925e+02 6.762968540901999859e+01
5.174999999999999600e-01 2.520342272992000119e+02 6.303201832045999708e+01
5.224999999999999645e-01 2.472779812198999991e+02 6.248518816431000289e+01
5.274999999999999689e-01 2.428495754198999919e+02 6.100068065156000330e+01
5.324999999999999734e-01 2.370293669115000057e+02 5.950133031632999803e+01
5.374999999999999778e-01 2.339379408286999933e+02 4.883968648113999933e+01
5.424999999999999822e-01 2.273009991584000034e+02 5.053813068038999745e+01
5.474999999999999867e-01 2.263931928044000017e+02 4.768217889350999883e+01
5.524999999999999911e-01 2.182696294127999863e+02 4.295643224373999658e+01
5.574999999999999956e-01 2.151762555290000023e+02 4.203779460727999862e+01
5.625000000000000000e-01 2.124104961580000008e+02 3.873931267132000045e+01
5.675000000000000044e-01 2.073417048112000032e+02 3.613073190803000045e+01
5.725000000000000089e-01 2.054264170758000034e+02 3.667061671918000343e+01
5.775000000000000133e-01 1.989370101835999947e+02 3.659871382450999988e+01
5.825000000000000178e-01 1.967885776098999884e+02 3.122690360693000144e+01
5.875000000000000222e-01 1.939240914124999904e+02 3.045489245537000045e+01
5.925000000000000266e-01 1.907647463513999924e+02 2.691379564917000167e+01
5.975000000000000311e-01 1.860523655609999878e+02 2.504542402279000157e+01
6.025000000000000355e-01 1.828918133681000029e+02 2.523791313530000124e+01
6.075000000000000400e-01 1.812224238437999873e+02 2.358381521772000156e+01
6.125000000000000444e-01 1.770797896768000044e+02 2.037807408673999987e+01
6.175000000000000488e-01 1.753004800445000058e+02 1.593417925215000075e+01
6.225000000000000533e-01 1.698282852019999893e+02 1.900438287583000019e+01
6.274999999999999467e-01 1.676474362856999960e+02 1.514090263914000012e+01
6.324999999999999512e-01 1.646640366800000095e+02 1.461708868088000024e+01
6.374999999999999556e-01 1.619240304218999995e+02 1.366891121201999937e+01
6.424999999999999600e-01 1.602274391159000118e+02 1.114365968519999939e+01
6.474999999999999645e-01 1.591284357920000048e+02 1.118492014261999934e+01
6.524999999999999689e-01 1.544562392091999925e+02 1.033053595468999930e+01
6.574999999999999734e-01 1.537777030409000076e+02 1.070371708725999937e+01
6.624999999999999778e-01 1.490711537191999980e+02 6.477890965087000019e+00
6.674999999999999822e-01 1.484044332029999964e+02 1.081471404858000085e+01
6.724999999999999867e-01 1.462540930808000041e+02 7.493292274599999914e+00
6.774999999999999911e-01 1.432778660234999961e+02 7.470140975131999816e+00
6.824999999999999956e-01 1.411353605385000094e+02 3.132717431705000166e+00
6.875000000000000000e-01 1.390774349312999902e+02 3.566686189547000119e+00
6.925000000000000044e-01 1.363907544962000031e+02 1.935774632031000086e+00
6.975000000000000089e-01 1.344298935875999916e+02 2.719700979708999933e-01
7.025000000000000133e-01 1.318335247267999932e+02 -2.041002366004000201e+00
7.075000000000000178e-01 1.308508700257000044e+02 3.990093420140999880e-01
7.125000000000000222e-01 1.295345118806000073e+02 -2.549393998813000106e+00
7.175000000000000266e-01 1.277428731411000058e+02 -2.478654037426999857e+00
7.225000000000000311e-01 1.249901204909999990e+02 -2.059553078431999862e-01
7.275000000000000355e-01 1.227594726492999939e+02 -2.602874369279000177e+00
7.325000000000000400e-01 1.212455142655000060e+02 -3.381098854568000078e+00
7.375000000000000444e-01 1.199515989485000063e+02 -3.612726299978000100e+00
7.425000000000000488e-01 1.179786518693999966e+02 -3.800476336825000079e+00
7.475000000000000533e-01 1.165159817213999958e+02 -4.228254986325000075e+00
7.524999999999999467e-01 1.167534519018999930e+02 -3.412284314312000078e+00
7.574999999999999512e-01 1.139595563693000031e+02 -3.057718311902999808e+00
7.624999999999999556e-01 1.121484310957000048e+02 -5.376981871612000141e+00
7.674999999999999600e-01 1.108266979128000003e+02 -7.317118633336000322e+00
7.724999999999999645e-01 1.086147924075000049e+02 -8.246449593828000246e+00
7.774999999999999689e-01 1.080979414955999971e+02 -9.508132894396000623e+00
7.824999999999999734e-01 1.059951903193999954e+02 -6.354882172007999763e+00
7.874999999999999778e-01 1.044459798803000012e+02 -9.746744674342000536e+00
7.924999999999999822e-01 1.034518133607000010e+02 -1.044953786628999914e+01
7.974999999999999867e-01 1.018439487419999949e+02 -1.022862703396999962e+01
