2.500000000000000052e-03 1.509323907814999984e+04 4.302632900517999951e+04
7.499999999999999722e-03 1.612891956344999926e+04 1.083393104019000020e+04
1.250000000000000069e-02 1.879170892476000154e+04 8.578350758049000433e+03
1.750000000000000167e-02 1.984444831573999909e+04 1.828233696278999923e+04
2.249999999999999917e-02 1.744809324384999854e+04 8.380864214294000703e+03
2.750000000000000014e-02 1.672396899956999914e+04 1.445550101576999987e+04
3.250000000000000111e-02 1.409128253267999935e+04 9.413762239461000718e+03
3.749999999999999861e-02 1.312352105461999963e+04 1.039042327995999949e+04
4.250000000000000305e-02 1.131408351371000026e+04 9.099603549141000258e+03
4.750000000000000056e-02 9.815706189451000682e+03 6.357505634068000290e+03
5.249999999999999806e-02 9.266686955106000823e+03 7.075157098966000376e+03
5.750000000000000250e-02 8.821417319624999436e+03 7.055143952794999677e+03
6.250000000000000000e-02 8.061676154415999918e+03 5.807408126913000160e+03
6.750000000000000444e-02 7.739410095051000098e+03 5.734543875989000298e+03
7.249999999999999500e-02 7.284485369410000203e+03 5.376294080177999604e+03
7.749999999999999944e-02 6.788258652049000375e+03 5.303931493146000321e+03
8.250000000000000389e-02 6.030158757361999960e+03 3.902016188556000088e+03
8.749999999999999445e-02 5.514281711990000076e+03 4.127625746818999687e+03
9.249999999999999889e-02 4.987003177925999807e+03 3.643419230752000203e+03
9.750000000000000333e-02 4.459315182848999939e+03 3.331262472646999868e+03
1.024999999999999939e-01 4.167606234623000091e+03 3.059135267867000039e+03
1.074999999999999983e-01 3.871851126543000191e+03 2.703754628276999938e+03
1.125000000000000028e-01 3.669181182558999808e+03 2.740895525491000171e+03
1.174999999999999933e-01 3.571066522239999813e+03 2.596229390758000136e+03
1.224999999999999978e-01 3.374581417743000202e+03 2.416239012738999918e+03
1.275000000000000022e-01 3.207134610839999823e+03 2.266697739737000120e+03
1.325000000000000067e-01 3.066822643390999929e+03 2.075331194719999985e+03
1.375000000000000111e-01 2.942675588507000157e+03 2.127841016146000129e+03
1.424999999999999878e-01 2.712729413756000213e+03 1.873045350700999961e+03
1.474999999999999922e-01 2.571837706691000221e+03 1.726626827884000022e+03
1.524999999999999967e-01 2.360465437075999944e+03 1.615995761670000093e+03
1.575000000000000011e-01 2.233324303124999915e+03 1.554825410416000068e+03
1.625000000000000056e-01 2.095618326834000072e+03 1.416991723690000072e+03
1.675000000000000100e-01 1.991109916417000022e+03 1.342386070154999970e+03
1.724999999999999867e-01 1.887221272150000004e+03 1.255821726507999983e+03
1.774999999999999911e-01 1.814617727164999906e+03 1.204029546992999940e+03
1.824999999999999956e-01 1.761242428655999902e+03 1.152862741560999893e+03
1.875000000000000000e-01 1.697281856852999908e+03 1.127313738868999963e+03
1.925000000000000044e-01 1.636190772246000051e+03 1.059681383638999932e+03
1.975000000000000089e-01 1.576275713559999986e+03 1.046516430322999895e+03
2.025000000000000133e-01 1.492137173971000038e+03 9.394871417330000440e+02
2.074999999999999900e-01 1.435110532425999963e+03 8.965153125061999617e+02
2.124999999999999944e-01 1.377098227231000010e+03 8.393990326972000275e+02
2.174999999999999989e-01 1.324699989851000055e+03 8.537393667945000288e+02
2.225000000000000033e-01 1.245626294117000043e+03 8.266363461884000117e+02
2.275000000000000078e-01 1.195720833492000111e+03 7.703256382714999972e+02
2.325000000000000122e-01 1.149894697360999999e+03 7.265567616084000520e+02
2.374999999999999889e-01 1.129877115459999914e+03 7.200655729400999689e+02
2.424999999999999933e-01 1.073952190521999910e+03 6.569949280314000362e+02
2.474999999999999978e-01 1.043531104387999903e+03 6.385563459554000474e+02
2.525000000000000022e-01 1.004593927594999968e+03 6.336151352847000453e+02
2.575000000000000067e-01 9.762101425849999714e+02 5.726186108040999443e+02
2.625000000000000111e-01 9.447021540957999832e+02 5.722262406347000478e+02
2.675000000000000155e-01 9.145376602505000392e+02 5.473202737038000123e+02
2.725000000000000200e-01 8.776863610336999955e+02 4.962998465213000259e+02
2.775000000000000244e-01 8.456921263148999515e+02 4.943104781845000275e+02
2.824999999999999734e-01 8.144041847267000094e+02 4.778604788360000271e+02
2.874999999999999778e-01 7.902019924676000073e+02 4.489403513089999933e+02
2.924999999999999822e-01 7.684517073473000437e+02 4.230343187492999846e+02
2.974999999999999867e-01 7.430413317625000218e+02 4.121803581164999741e+02
3.024999999999999911e-01 7.202635323404999781e+02 3.963319799587000034e+02
3.074999999999999956e-01 6.985327834311000288e+02 3.955319370125999967e+02
3.125000000000000000e-01 6.781086637708000353e+02 3.688206186217000209e+02
3.175000000000000044e-01 6.612383793861999948e+02 3.570941139573000100e+02
3.225000000000000089e-01 6.364157247772000119e+02 3.352814573492000250e+02
3.275000000000000133e-01 6.229189576700999851e+02 3.259541646815000036e+02
3.325000000000000178e-01 6.039784677781999562e+02 3.128244431557000098e+02
3.375000000000000222e-01 5.899494428076000077e+02 3.021144859446000055e+02
3.425000000000000266e-01 5.681733113159999675e+02 2.715394367279999983e+02
3.474999999999999756e-01 5.556104000089000010e+02 2.630319237983999869e+02
3.524999999999999800e-01 5.357535864507999577e+02 2.639353302517000088e+02
3.574999999999999845e-01 5.282094974468999453e+02 2.489895314107999980e+02
3.624999999999999889e-01 5.136545242278000387e+02 2.426682801896000115e+02
3.674999999999999933e-01 5.006583860174000051e+02 2.351309154067999998e+02
3.724999999999999978e-01 4.817602233397000191e+02 2.179938701938000065e+02
3.775000000000000022e-01 4.758056537755999784e+02 2.160094917687999896e+02
3.825000000000000067e-01 4.580509236438999778e+02 2.051074123143000065e+02
3.875000000000000111e-01 4.473226745215000051e+02 1.899243995655000106e+02
3.925000000000000155e-01 4.375218268990000183e+02 1.867866768620999949e+02
3.975000000000000200e-01 4.301205229385000166e+02 1.794058898488999887e+02
4.025000000000000244e-01 4.178747620656000095e+02 1.665971712056000058e+02
4.074999999999999734e-01 4.043060640108000143e+02 1.589714336435999940e+02
4.124999999999999778e-01 3.976749604317000149e+02 1.543959695336999971e+02
4.174999999999999822e-01 3.889699950854999884e+02 1.521883336065000094e+02
4.224999999999999867e-01 3.758900166505999891e+02 1.419555698030000030e+02
4.274999999999999911e-01 3.686661106746000200e+02 1.443784232932999885e+02
4.324999999999999956e-01 3.620957046940000055e+02 1.384306784121999954e+02
4.375000000000000000e-01 3.538741882950999980e+02 1.313235341854000069e+02
4.425000000000000044e-01 3.452164528560999770e+02 1.202229393566999960e+02
4.475000000000000089e-01 3.371659977368000227e+02 1.162593813144000023e+02
4.525000000000000133e-01 3.324919099347000042e+02 1.154576660312000058e+02
4.575000000000000178e-01 3.216147789725999928e+02 1.065243146858999950e+02
4.625000000000000222e-01 3.144015576470000042e+02 1.072939529158000056e+02
4.675000000000000266e-01 3.092438002070999801e+02 1.031642985433999939e+02
4.724999999999999756e-01 3.033258142279000253e+02 9.566391877767000551e+01
4.774999999999999800e-01 2.958324231642999962e+02 8.873114516792999495e+01
4.824999999999999845e-01 2.885512145926999779e+02 8.693578126046000421e+01
4.874999999999999889e-01 2.833549889966000137e+02 8.788100035709000224e+01
4.924999999999999933e-01 2.782469551436000188e+02 8.240960891992000370e+01
4.974999999999999978e-01 2.717300841361999915e+02 7.148158781658000294e+01
5.024999999999999467e-01 2.666908447978000254e+02 7.334607582165999418e+01
5.074999999999999512e-01 2.616454785812999830e+02 7.263356236141000011e+01
5.124999999999999556e-01 2.562972733712999798e+02 6.872438512035999736e+01
5.174999999999999600e-01 2.507790759917999992e+02 6.225630170571000122e+01
5.224999999999999645e-01 2.460117688704999921e+02 6.003117621647999869e+01
5.274999999999999689e-01 2.420345935530999952e+02 5.613992316144999961e+01
5.324999999999999734e-01 2.369403825800000050e+02 4.960989713707999726e+01
5.374999999999999778e-01 2.329277531070999885e+02 5.061560000023000327e+01
5.424999999999999822e-01 2.267291029051999942e+02 4.591078922497000292e+01
5.474999999999999867e-01 2.235560776348999923e+02 4.660255046240000354e+01
5.524999999999999911e-01 2.183023763676999920e+02 4.525483747250000022e+01
5.574999999999999956e-01 2.161416598238999995e+02 4.636777960671000187e+01
5.625000000000000000e-01 2.122347238620000098e+02 4.095251078011000345e+01
5.675000000000000044e-01 2.059054083887999980e+02 3.880269170198000239e+01
5.725000000000000089e-01 2.045114132539000025e+02 3.566343714056999659e+01
5.775000000000000133e-01 2.000633212705000119e+02 3.432901554403999711e+01
5.825000000000000178e-01 1.957132388207000133e+02 2.907315787165000032e+01
5.875000000000000222e-01 1.922283367569000063e+02 2.981291758656999846e+01
5.925000000000000266e-01 1.897152940013999967e+02 2.837993983135000065e+01
5.975000000000000311e-01 1.868414135298000076e+02 2.469664498040999945e+01
6.025000000000000355e-01 1.825182486745999881e+02 2.761516181308000029e+01
6.075000000000000400e-01 1.801331895270000132e+02 2.369854923983999839e+01
6.125000000000000444e-01 1.773673905231999868e+02 2.215533278580999976e+01
6.175000000000000488e-01 1.752177299129000119e+02 2.122404713080999983e+01
6.225000000000000533e-01 1.718995538695000107e+02 1.711796300697999840e+01
6.274999999999999467e-01 1.695347540781999953e+02 1.900027596885999870e+01
6.324999999999999512e-01 1.657269289212999865e+02 1.458475550556999956e+01
6.374999999999999556e-01 1.623554235633000076e+02 1.345895396180999981e+01
6.424999999999999600e-01 1.620820700451000107e+02 1.354749849581000021e+01
6.474999999999999645e-01 1.562232362478999903e+02 1.341723903081999936e+01
6.524999999999999689e-01 1.540551397014999964e+02 1.097726968405000036e+01
6.574999999999999734e-01 1.523270787437000138e+02 8.431688875547999729e+00
6.624999999999999778e-01 1.503130388525999876e+02 9.323224989051999145e+00
6.674999999999999822e-01 1.476903418377000037e+02 1.005725872484000050e+01
6.724999999999999867e-01 1.457388674624999965e+02 5.730242826946000179e+00
6.774999999999999911e-01 1.416729868522999993e+02 5.146017449980000436e+00
6.824999999999999956e-01 1.409366474923000112e+02 3.154315211497999982e+00
6.875000000000000000e-01 1.385238395625999885e+02 6.308020724120999567e+00
6.925000000000000044e-01 1.361415816717000098e+02 1.743722048283999904e+00
6.975000000000000089e-01 1.340508386754999890e+02 3.468388058772000182e+00
7.025000000000000133e-01 1.330228192618000094e+02 2.539447253907999968e+00
7.075000000000000178e-01 1.306309688352000080e+02 1.986435472226999899e+00
7.125000000000000222e-01 1.289988897293000036e+02 6.478436034833999768e-01
7.175000000000000266e-01 1.262442194839999985e+02 -2.392079339717999797e+00
7.225000000000000311e-01 1.243671262337999934e+02 -3.465725895919999910e-01
7.275000000000000355e-01 1.230644226059000061e+02 -1.604468251070999996e+00
7.325000000000000400e-01 1.211720897371999968e+02 -2.130967122294999960e+00
7.375000000000000444e-01 1.181526842885999997e+02 -3.629914364099000146e+00
7.425000000000000488e-01 1.175396849298000035e+02 -4.332551210771000250e+00
7.475000000000000533e-01 1.166474685305999941e+02 -5.028830075137999955e+00
7.524999999999999467e-01 1.144869857528999972e+02 -6.867991447968000429e+00
7.574999999999999512e-01 1.131270329532000005e+02 -3.467081484502999800e+00
7.624999999999999556e-01 1.118875774101999951e+02 -3.943969101595000026e+00
7.674999999999999600e-01 1.102055801624999987e+02 -8.185075224934999838e+00
7.724999999999999645e-01 1.097058334991999970e+02 -7.495419570120000152e+00
7.774999999999999689e-01 1.069440343541999994e+02 -7.812402282865999581e+00
7.824999999999999734e-01 1.052119792083999954e+02 -4.626735648410000401e+00
7.874999999999999778e-01 1.051933727274000034e+02 -7.472708485720000127e+00
7.924999999999999822e-01 1.026428119707999969e+02 -8.255136646500000452e+00
7.974999999999999867e-01 1.016853840527000017e+02 -9.121745895683000427e+00
