2.500000000000000052e-03 9.398258912168999814e+03 4.847807412699999986e+03
7.499999999999999722e-03 1.542268539382999916e+04 1.300848943031000090e+04
1.250000000000000069e-02 2.138335664728999836e+04 2.295529916642000171e+04
1.750000000000000167e-02 2.046678609080000024e+04 1.598392402240999945e+04
2.249999999999999917e-02 2.049974647276000178e+04 1.683711470678999831e+04
2.750000000000000014e-02 1.707572115092999957e+04 1.526275605714000085e+04
3.250000000000000111e-02 1.501105771163999998e+04 1.185451546410999981e+04
3.749999999999999861e-02 1.286703905087000021e+04 9.538995619987999817e+03
4.250000000000000305e-02 1.123473395300999982e+04 7.247731906793000235e+03
4.750000000000000056e-02 9.837503964838000684e+03 6.082126539070000035e+03
5.249999999999999806e-02 9.371975917200999902e+03 7.449292690614999628e+03
5.750000000000000250e-02 9.039601743893999810e+03 6.716440775934999692e+03
6.250000000000000000e-02 8.172667208492999634e+03 5.834520810750000237e+03
6.750000000000000444e-02 7.790274376657000175e+03 5.289161544440000398e+03
7.249999999999999500e-02 7.344281290298999920e+03 5.635579061624000133e+03
7.749999999999999944e-02 6.563086098714000400e+03 4.766542164993999904e+03
8.250000000000000389e-02 5.983519271893999758e+03 4.399691711409999698e+03
8.749999999999999445e-02 5.432425599664999936e+03 4.032756844262999948e+03
9.249999999999999889e-02 5.001014619820000007e+03 3.546233512162999887e+03
9.750000000000000333e-02 4.483929301729999679e+03 3.354372123912999996e+03
1.024999999999999939e-01 4.164267898086999594e+03 3.101425458388000152e+03
1.074999999999999983e-01 3.880643336382000143e+03 2.645191231041999799e+03
1.125000000000000028e-01 3.681894454403000054e+03 2.683459909462999804e+03
1.174999999999999933e-01 3.456657190874000207e+03 2.424123176540999793e+03
1.224999999999999978e-01 3.403389296470999852e+03 2.332238493423999898e+03
1.275000000000000022e-01 3.176061096609999822e+03 2.023973497503000090e+03
1.325000000000000067e-01 3.062218521353000142e+03 2.139654570784000043e+03
1.375000000000000111e-01 2.894225501019000149e+03 2.018105283591999978e+03
1.424999999999999878e-01 2.782901065946000017e+03 1.894728592197999888e+03
1.474999999999999922e-01 2.530185669462000078e+03 1.728786995956000055e+03
1.524999999999999967e-01 2.354931543779000094e+03 1.550486223550999966e+03
1.575000000000000011e-01 2.196025101201999860e+03 1.495431227064000041e+03
1.625000000000000056e-01 2.122055234470999949e+03 1.415707370488999914e+03
1.675000000000000100e-01 2.023334356278000087e+03 1.343679512615000021e+03
1.724999999999999867e-01 1.907253399190999971e+03 1.283149560015999896e+03
1.774999999999999911e-01 1.827305484658000069e+03 1.203186563044999957e+03
1.824999999999999956e-01 1.776661314058000016e+03 1.163859849876999988e+03
1.875000000000000000e-01 1.716278375550999954e+03 1.154366514693999989e+03
1.925000000000000044e-01 1.635209314858999960e+03 1.089601411057999940e+03
1.975000000000000089e-01 1.558501332196000021e+03 1.019755119951999973e+03
2.025000000000000133e-01 1.481800616975999901e+03 9.353461810930999718e+02
2.074999999999999900e-01 1.438729670581999926e+03 9.101059328395000421e+02
2.124999999999999944e-01 1.388154172138999911e+03 8.965813548439000442e+02
2.174999999999999989e-01 1.309154911050000010e+03 8.300226435237000260e+02
2.225000000000000033e-01 1.253849289274000057e+03 8.208661367803000530e+02
2.275000000000000078e-01 1.196431763822999983e+03 7.684599476419000439e+02
2.325000000000000122e-01 1.150441235093999921e+03 7.408072709007999492e+02
2.374999999999999889e-01 1.110248511733999976e+03 6.833950796414000024e+02
2.424999999999999933e-01 1.070540142050999975e+03 6.430727931159999571e+02
2.474999999999999978e-01 1.041976969560000043e+03 6.429777129512999636e+02
2.525000000000000022e-01 1.007165396049000037e+03 6.120033316441999887e+02
2.575000000000000067e-01 9.709273891497999784e+02 5.962590828344999636e+02
2.625000000000000111e-01 9.415829573513999549e+02 5.314680316901000197e+02
2.675000000000000155e-01 9.065534866115999648e+02 5.333624917252999467e+02
2.725000000000000200e-01 8.742721747988999823e+02 5.072957335148000197e+02
2.775000000000000244e-01 8.477015087559999529e+02 4.680462653724999882e+02
2.824999999999999734e-01 8.175376931939999849e+02 4.696982934032000117e+02
2.874999999999999778e-01 7.856226478761999488e+02 4.348161841762999984e+02
2.924999999999999822e-01 7.645290338817000020e+02 4.240004616040999963e+02
2.974999999999999867e-01 7.427958685723000372e+02 4.167717529747999947e+02
3.024999999999999911e-01 7.214442758118999564e+02 4.037425056672000210e+02
3.074999999999999956e-01 6.956956285195999499e+02 3.670481967421999911e+02
3.125000000000000000e-01 6.732798540085999548e+02 3.575062608256000090e+02
3.175000000000000044e-01 6.597166641106000498e+02 3.506387678439999718e+02
3.225000000000000089e-01 6.390815707957999621e+02 3.404604761671000119e+02
3.275000000000000133e-01 6.222750957534999543e+02 3.300344022775000212e+02
3.325000000000000178e-01 6.037968564674999925e+02 3.176738318976999835e+02
3.375000000000000222e-01 5.856834473753000339e+02 2.839251783830000022e+02
3.425000000000000266e-01 5.675919561107999698e+02 2.891143745083999761e+02
3.474999999999999756e-01 5.544798871844000132e+02 2.647720216022000272e+02
3.524999999999999800e-01 5.419550002526999606e+02 2.543172749633999956e+02
3.574999999999999845e-01 5.208580684106999570e+02 2.488634925128999953e+02
3.624999999999999889e-01 5.077400444402999824e+02 2.376428611501000034e+02
3.674999999999999933e-01 4.992290799772000014e+02 2.378890810954999893e+02
3.724999999999999978e-01 4.816260844138000152e+02 2.157440749916000016e+02
3.775000000000000022e-01 4.702277921181000124e+02 2.095369607520999864e+02
3.825000000000000067e-01 4.580524488454000220e+02 2.002356373371000018e+02
3.875000000000000111e-01 4.530602962405000085e+02 1.863391158679999933e+02
3.925000000000000155e-01 4.381110908062000249e+02 1.851509215138000002e+02
3.975000000000000200e-01 4.246026492089999920e+02 1.837413394042000050e+02
4.025000000000000244e-01 4.195945983144999900e+02 1.773148731180999960e+02
4.074999999999999734e-01 4.030514504751000118e+02 1.676645325000000071e+02
4.124999999999999778e-01 3.982291542268999933e+02 1.611335527265999872e+02
4.174999999999999822e-01 3.882421596722999766e+02 1.540518265348000000e+02
4.224999999999999867e-01 3.783549367342000096e+02 1.515007020813999929e+02
4.274999999999999911e-01 3.686775619602000233e+02 1.402974074116000054e+02
4.324999999999999956e-01 3.587667490003000239e+02 1.346511339157999885e+02
4.375000000000000000e-01 3.530161709615999825e+02 1.284237542545000110e+02
4.425000000000000044e-01 3.448828145364000193e+02 1.282424568447999889e+02
4.475000000000000089e-01 3.354741045237000208e+02 1.191029709620000006e+02
4.525000000000000133e-01 3.285841382515999953e+02 1.172674045174999975e+02
4.575000000000000178e-01 3.215472430136999833e+02 1.091980170547000029e+02
4.625000000000000222e-01 3.170147553386000254e+02 1.060738905523000000e+02
4.675000000000000266e-01 3.075110733043999858e+02 1.000705606580000051e+02
4.724999999999999756e-01 3.005281586249000156e+02 9.874049021548999860e+01
4.774999999999999800e-01 2.907395450147000133e+02 8.725175620944000343e+01
4.824999999999999845e-01 2.908305932595000058e+02 9.139604453827000441e+01
4.874999999999999889e-01 2.850925247065000008e+02 8.722356553673000690e+01
4.924999999999999933e-01 2.796087978569000256e+02 8.509912431966000668e+01
4.974999999999999978e-01 2.713861626281000099e+02 7.670561932709000530e+01
5.024999999999999467e-01 2.648698707748000061e+02 7.164399582020000423e+01
5.074999999999999512e-01 2.607776219812000136e+02 7.233881929346999584e+01
5.124999999999999556e-01 2.554375047334999920e+02 6.865600533767999991e+01
5.174999999999999600e-01 2.497444139163999921e+02 6.081314813313999679e+01
5.224999999999999645e-01 2.439358438589999878e+02 5.821213406004999769e+01
5.274999999999999689e-01 2.406744446086999858e+02 5.710205932102000048e+01
5.324999999999999734e-01 2.374420969262000085e+02 5.474429030857000100e+01
5.374999999999999778e-01 2.302492242014000112e+02 5.044473130877999978e+01
5.424999999999999822e-01 2.278727839121999921e+02 5.103969261671999647e+01
5.474999999999999867e-01 2.236851049884000133e+02 4.741316970097000194e+01
5.524999999999999911e-01 2.186688984031999894e+02 3.963898512690000331e+01
5.574999999999999956e-01 2.160028202800000088e+02 3.983308553500000215e+01
5.625000000000000000e-01 2.117984207956999967e+02 3.961271627765999881e+01
5.675000000000000044e-01 2.076821182143000044e+02 3.770173033550000241e+01
5.725000000000000089e-01 2.035748179064999874e+02 3.305736767852999947e+01
5.775000000000000133e-01 2.005798772361000033e+02 3.504405027466999911e+01
5.825000000000000178e-01 1.957805194462000031e+02 3.387414104965999684e+01
5.875000000000000222e-01 1.936458079683999927e+02 3.177481729153999979e+01
5.925000000000000266e-01 1.883145783585000004e+02 2.858652049631000125e+01
5.975000000000000311e-01 1.857064088566000066e+02 2.465632528364999843e+01
6.025000000000000355e-01 1.835302795835000040e+02 2.730617150820999939e+01
6.075000000000000400e-01 1.809356608596000058e+02 1.976772649563000073e+01
6.125000000000000444e-01 1.746356886616999873e+02 2.046786639819000087e+01
6.175000000000000488e-01 1.734086933378000026e+02 2.595858581969000056e+01
6.225000000000000533e-01 1.718167453398000077e+02 1.882409480909999999e+01
6.274999999999999467e-01 1.694390588896000054e+02 1.645881326820000012e+01
6.324999999999999512e-01 1.671386922622000100e+02 1.677433437399999860e+01
6.374999999999999556e-01 1.619290793192000137e+02 1.491338977086999940e+01
6.424999999999999600e-01 1.607536962565000067e+02 1.291084179723999981e+01
6.474999999999999645e-01 1.559134554963999904e+02 1.324557805715999947e+01
6.524999999999999689e-01 1.541281846212999938e+02 1.029737901945999923e+01
6.574999999999999734e-01 1.532990885796999976e+02 9.122963206907000355e+00
6.624999999999999778e-01 1.510128055934999907e+02 8.770187948166000780e+00
6.674999999999999822e-01 1.475748839085999862e+02 1.016614993586000004e+01
6.724999999999999867e-01 1.457851447541999903e+02 7.788027985364999850e+00
6.774999999999999911e-01 1.427190693132000092e+02 4.652190718312000151e+00
6.824999999999999956e-01 1.396711557122000045e+02 4.185093938172999906e+00
6.875000000000000000e-01 1.385708347043999993e+02 5.373904726734999748e+00
6.925000000000000044e-01 1.364055780196999876e+02 4.195083170262000394e+00
6.975000000000000089e-01 1.342926270547000058e+02 2.207122956920999801e+00
7.025000000000000133e-01 1.329785539773000096e+02 1.722550844899999989e+00
7.075000000000000178e-01 1.307200218966999898e+02 8.397492827490999900e-01
7.125000000000000222e-01 1.273393404418000046e+02 9.972367376905999503e-01
7.175000000000000266e-01 1.263438419499999981e+02 4.188457317475999808e-01
7.225000000000000311e-01 1.251500097365999977e+02 -1.599566824637999929e+00
7.275000000000000355e-01 1.235590005287999986e+02 -1.511616934924999933e+00
7.325000000000000400e-01 1.222614987129999946e+02 -4.190902670209999847e+00
7.375000000000000444e-01 1.195785480130000025e+02 -2.822239319952999814e+00
7.425000000000000488e-01 1.182750687277000026e+02 -3.786228788744999907e+00
7.475000000000000533e-01 1.154011769871000013e+02 -4.596537626823000267e+00
7.524999999999999467e-01 1.147829931347000070e+02 -7.064990390746999971e+00
7.574999999999999512e-01 1.132382109588999981e+02 -8.019552208911999713e+00
7.624999999999999556e-01 1.128288209435000056e+02 -7.128053139089000290e+00
7.674999999999999600e-01 1.099988697454000004e+02 -6.858823068572999837e+00
7.724999999999999645e-01 1.086984758079999978e+02 -8.826250130189999155e+00
7.774999999999999689e-01 1.058101983003000015e+02 -7.756447283354000355e+00
7.824999999999999734e-01 1.055269671070000044e+02 -7.988202547683999732e+00
7.874999999999999778e-01 1.037598467980999999e+02 -7.257691972725999641e+00
7.924999999999999822e-01 1.035923784433999941e+02 -9.135627893450999792e+00
7.974999999999999867e-01 1.016015504543999981e+02 -8.529093930704000570e+00
