2.500000000000000052e-03 7.920421247078999841e+03 1.744051912794999953e+04
7.499999999999999722e-03 1.807531122812000103e+04 2.092188233804999982e+04
1.250000000000000069e-02 1.988092188680999971e+04 1.717517837746000077e+04
1.750000000000000167e-02 1.884064906920000067e+04 1.642077258746000007e+04
2.249999999999999917e-02 1.948669753806000153e+04 1.475550208790000033e+04
2.750000000000000014e-02 1.638604874190999908e+04 1.107470506464000027e+04
3.250000000000000111e-02 1.426891607509999994e+04 9.458667400712000017e+03
3.749999999999999861e-02 1.289512831983000069e+04 1.093365768007000042e+04
4.250000000000000305e-02 1.136085963439000079e+04 7.848710728807999658e+03
4.750000000000000056e-02 1.061310985391000031e+04 8.183841503464000198e+03
5.249999999999999806e-02 9.723554891372999919e+03 7.352610078851999788e+03
5.750000000000000250e-02 8.602530922359999749e+03 6.123160070934000032e+03
6.250000000000000000e-02 8.157524510313999599e+03 6.142387395177999679e+03
6.750000000000000444e-02 7.766066556388000208e+03 5.888725757307999629e+03
7.249999999999999500e-02 7.222309132217999831e+03 5.268504382574000374e+03
7.749999999999999944e-02 6.757320850643999620e+03 4.616460169011999824e+03
8.250000000000000389e-02 6.061136680667999826e+03 4.525898261418000402e+03
8.749999999999999445e-02 5.557506447796000430e+03 4.061468255370999941e+03
9.249999999999999889e-02 5.026620695032999720e+03 3.676356671778999953e+03
9.750000000000000333e-02 4.491397049909000089e+03 3.315358489457999895e+03
1.024999999999999939e-01 4.192250790363999840e+03 3.007062165174999791e+03
1.074999999999999983e-01 3.937451969987000211e+03 2.866248145511000075e+03
1.125000000000000028e-01 3.670234396096000182e+03 2.758736253876999854e+03
1.174999999999999933e-01 3.535684239060999971e+03 2.507287165751999964e+03
1.224999999999999978e-01 3.354195870642000045e+03 2.411400399222000033e+03
1.275000000000000022e-01 3.221687868751000224e+03 2.211164068004000001e+03
1.325000000000000067e-01 3.081114716133000002e+03 2.116938275676000103e+03
1.375000000000000111e-01 2.877490609021000182e+03 1.966086393632999943e+03
1.424999999999999878e-01 2.713145965645000160e+03 1.775385196248000057e+03
1.474999999999999922e-01 2.546898081766999894e+03 1.701036619161000090e+03
1.524999999999999967e-01 2.362188012066999818e+03 1.704341447361000064e+03
1.575000000000000011e-01 2.244295669870999973e+03 1.559511138699999947e+03
1.625000000000000056e-01 2.116004460824000034e+03 1.446767093531999990e+03
1.675000000000000100e-01 2.013524564635999923e+03 1.355043063261000043e+03
1.724999999999999867e-01 1.891221700340000098e+03 1.282406534925999949e+03
1.774999999999999911e-01 1.818939211448999913e+03 1.238318374658000039e+03
1.824999999999999956e-01 1.759280967116000056e+03 1.169623906153999997e+03
1.875000000000000000e-01 1.711493585619999976e+03 1.130418776982000054e+03
1.925000000000000044e-01 1.654801998811999965e+03 1.093394310707999921e+03
1.975000000000000089e-01 1.577433497316000057e+03 1.042984088729999939e+03
2.025000000000000133e-01 1.509977684912000086e+03 9.779831250360000467e+02
2.074999999999999900e-01 1.424275468977999935e+03 8.752971428526999489e+02
2.124999999999999944e-01 1.385396254950999946e+03 8.843378161087999842e+02
2.174999999999999989e-01 1.311799577446000058e+03 8.415992903078999916e+02
2.225000000000000033e-01 1.249922465818000092e+03 8.127754444542000556e+02
2.275000000000000078e-01 1.205065060928000094e+03 7.871096850131999645e+02
2.325000000000000122e-01 1.153831762297000068e+03 7.269122243069999740e+02
2.374999999999999889e-01 1.122094227670000009e+03 6.895774793297999850e+02
2.424999999999999933e-01 1.082657369444000096e+03 6.547143863564000412e+02
2.474999999999999978e-01 1.039427513916999942e+03 6.555918957001000535e+02
2.525000000000000022e-01 1.016110903320000034e+03 6.178561778432000438e+02
2.575000000000000067e-01 9.715854406892999577e+02 5.887336334187000375e+02
2.625000000000000111e-01 9.323035949205999486e+02 5.683426347027000247e+02
2.675000000000000155e-01 9.152890600504999838e+02 5.231593899348999912e+02
2.725000000000000200e-01 8.891498255860999507e+02 5.430336185556999453e+02
2.775000000000000244e-01 8.465752330847000167e+02 4.879023825475999843e+02
2.824999999999999734e-01 8.164776023284000530e+02 4.592445747964000020e+02
2.874999999999999778e-01 7.967917915606000179e+02 4.421832120225000153e+02
2.924999999999999822e-01 7.707640490095999439e+02 4.274479672380999773e+02
2.974999999999999867e-01 7.445820369161000372e+02 4.059836155006000240e+02
3.024999999999999911e-01 7.210096740233000219e+02 4.111538505720999979e+02
3.074999999999999956e-01 7.058315203549000216e+02 4.085128773425000190e+02
3.125000000000000000e-01 6.796445569231000263e+02 3.556146240238999781e+02
3.175000000000000044e-01 6.624027660804000561e+02 3.489741811764000090e+02
3.225000000000000089e-01 6.450267357502000323e+02 3.288271050032000176e+02
3.275000000000000133e-01 6.249976450720999992e+02 3.308064570770000046e+02
3.325000000000000178e-01 6.063738222545999861e+02 3.167622295441000233e+02
3.375000000000000222e-01 5.857820313583999905e+02 2.968207378078000147e+02
3.425000000000000266e-01 5.783245521687999826e+02 2.899456088713999975e+02
3.474999999999999756e-01 5.537622969975999467e+02 2.732766903059999777e+02
3.524999999999999800e-01 5.439725464893000435e+02 2.667881657492999921e+02
3.574999999999999845e-01 5.219716003705999583e+02 2.471317740053000023e+02
3.624999999999999889e-01 5.147372745428999679e+02 2.383958210232999875e+02
3.674999999999999933e-01 4.984998336041999778e+02 2.271765247527000042e+02
3.724999999999999978e-01 4.816842599157000109e+02 2.261967246417999888e+02
3.775000000000000022e-01 4.740996521861000019e+02 2.054208056237999926e+02
3.825000000000000067e-01 4.619776781571999891e+02 2.095116607131000137e+02
3.875000000000000111e-01 4.503221152098000175e+02 1.995886015673999907e+02
3.925000000000000155e-01 4.376541125333000082e+02 1.858099836462000098e+02
3.975000000000000200e-01 4.289040098658999796e+02 1.841671722208000119e+02
4.025000000000000244e-01 4.141055826863999982e+02 1.713495267451999950e+02
4.074999999999999734e-01 4.082755773592999731e+02 1.627387222099000041e+02
4.124999999999999778e-01 3.998040674738999769e+02 1.582584933459999945e+02
4.174999999999999822e-01 3.877585525036000149e+02 1.481508494601000052e+02
4.224999999999999867e-01 3.795894093774999760e+02 1.474820926467999982e+02
4.274999999999999911e-01 3.675179868559999932e+02 1.409552954778000071e+02
4.324999999999999956e-01 3.624226002168999798e+02 1.405827714131000050e+02
4.375000000000000000e-01 3.533174411763999956e+02 1.277392881090000003e+02
4.425000000000000044e-01 3.441053896592999877e+02 1.237939746302999993e+02
4.475000000000000089e-01 3.368017680017999851e+02 1.196904491159999964e+02
4.525000000000000133e-01 3.291764672212000278e+02 1.129036392992999964e+02
4.575000000000000178e-01 3.231115201614999819e+02 1.113531711466000047e+02
4.625000000000000222e-01 3.161595464106000009e+02 1.094018751559000009e+02
4.675000000000000266e-01 3.091677072521000014e+02 1.005908781600000026e+02
4.724999999999999756e-01 3.006289167424999960e+02 9.635797351547999767e+01
4.774999999999999800e-01 2.965789665126999921e+02 9.586227221816000110e+01
4.824999999999999845e-01 2.896567491371999949e+02 8.986160832503000506e+01
4.874999999999999889e-01 2.823467754996000281e+02 8.398177157038999496e+01
4.924999999999999933e-01 2.792856666425000185e+02 8.006137185199000328e+01
4.974999999999999978e-01 2.698890245018000087e+02 7.703525790643000448e+01
5.024999999999999467e-01 2.672737666955999885e+02 7.477632203144999323e+01
5.074999999999999512e-01 2.608150909821000027e+02 7.123926841044000469e+01
5.124999999999999556e-01 2.562269126561000121e+02 6.338856142280999961e+01
5.174999999999999600e-01 2.517024648272999912e+02 6.424957773392000604e+01
5.224999999999999645e-01 2.479460063305000119e+02 6.459937786061999532e+01
5.274999999999999689e-01 2.397754433426999867e+02 5.607060796204999775e+01
5.324999999999999734e-01 2.364787756762999891e+02 5.553790808051000027e+01
5.374999999999999778e-01 2.316396088738999879e+02 5.698823497539000016e+01
5.424999999999999822e-01 2.276736888901000100e+02 5.245895938812999759e+01
5.474999999999999867e-01 2.242590330676999884e+02 4.717530261641000067e+01
5.524999999999999911e-01 2.192223048628000015e+02 4.520665313418000153e+01
5.574999999999999956e-01 2.149972912217999976e+02 4.557376785748000003e+01
5.625000000000000000e-01 2.121021784476999983e+02 4.072190814478999954e+01
5.675000000000000044e-01 2.059099840707999931e+02 4.281493436873000036e+01
5.725000000000000089e-01 2.054244687295000062e+02 3.628200961134999858e+01
5.775000000000000133e-01 1.998277208984999902e+02 3.277327637543999828e+01
5.825000000000000178e-01 1.966865781802000015e+02 3.308785872999000333e+01
5.875000000000000222e-01 1.923624099246000014e+02 2.794295661964000033e+01
5.925000000000000266e-01 1.890461400114000128e+02 3.304907560150999757e+01
5.975000000000000311e-01 1.859396874251999918e+02 2.550509481446000137e+01
6.025000000000000355e-01 1.817226095208999936e+02 2.385521955404000138e+01
6.075000000000000400e-01 1.805342513166999936e+02 2.332790251324999886e+01
6.125000000000000444e-01 1.780234512726999867e+02 1.908624434651000001e+01
6.175000000000000488e-01 1.737551122984999949e+02 1.930529449059000058e+01
6.225000000000000533e-01 1.701110941995000019e+02 1.819729542538999922e+01
6.274999999999999467e-01 1.695629518595999912e+02 1.718501546441000016e+01
6.324999999999999512e-01 1.651579420607000088e+02 1.607729681866999982e+01
6.374999999999999556e-01 1.619243087785999933e+02 1.763648238775000010e+01
6.424999999999999600e-01 1.604539521497000010e+02 1.508262550801000046e+01
6.474999999999999645e-01 1.575268895494000105e+02 1.416608259010000026e+01
6.524999999999999689e-01 1.551903949096000019e+02 1.172153177689999914e+01
6.574999999999999734e-01 1.520318031360999953e+02 8.561398576063000476e+00
6.624999999999999778e-01 1.502136456272000089e+02 8.908746052475999377e+00
6.674999999999999822e-01 1.464540074841000035e+02 1.098051825063000031e+01
6.724999999999999867e-01 1.450680308315000104e+02 6.937746269084000161e+00
6.774999999999999911e-01 1.430480741199999954e+02 8.504540288740999543e+00
6.824999999999999956e-01 1.416191371710999931e+02 5.912460956806000034e+00
6.875000000000000000e-01 1.389554405019999876e+02 4.066918624400000404e+00
6.925000000000000044e-01 1.361071530984999924e+02 7.527072097925000094e+00
6.975000000000000089e-01 1.354194731627999886e+02 8.015975586578999446e-01
7.025000000000000133e-01 1.330096019613999943e+02 3.278388641742000065e+00
7.075000000000000178e-01 1.303445178373999909e+02 5.303633145006000360e-01
7.125000000000000222e-01 1.282936927451000031e+02 -1.735647476398000100e-01
7.175000000000000266e-01 1.265523234478000063e+02 1.657211605055999959e+00
7.225000000000000311e-01 1.245938374157999959e+02 -3.016677314503000140e+00
7.275000000000000355e-01 1.226688245235999943e+02 -2.674694052287000190e+00
7.325000000000000400e-01 1.212098190554000041e+02 -3.263261134581000089e+00
7.375000000000000444e-01 1.195271121969000063e+02 -1.997833692663999905e+00
7.425000000000000488e-01 1.185219333928999959e+02 -2.682035625835000214e+00
7.475000000000000533e-01 1.159235367142999991e+02 -1.270786359059999926e+00
7.524999999999999467e-01 1.145816687565999956e+02 -4.978150731558000253e+00
7.574999999999999512e-01 1.126728567270999974e+02 -4.832476984170999579e+00
7.624999999999999556e-01 1.103939878229000016e+02 -5.645019488644999583e+00
7.674999999999999600e-01 1.109800791854000011e+02 -4.838638067000999854e+00
7.724999999999999645e-01 1.085680595259999990e+02 -7.044261054877000383e+00
7.774999999999999689e-01 1.067294083155999971e+02 -5.601149579442999737e+00
7.824999999999999734e-01 1.054139499860000058e+02 -6.208495258272000328e+00
7.874999999999999778e-01 1.049989852925999969e+02 -9.147063226659000179e+00
7.924999999999999822e-01 1.019300602521000059e+02 -9.965721291277999327e+00
7.974999999999999867e-01 1.019255346335000070e+02 -8.782577957145999648e+00
