2.500000000000000052e-03 6.712142950804000066e+03 9.929467289797999911e+03
7.499999999999999722e-03 1.554101291449999917e+04 9.330796412507999776e+03
1.250000000000000069e-02 1.955992173306000041e+04 1.105338819956000043e+04
1.750000000000000167e-02 2.027801933558000019e+04 1.879351224157999968e+04
2.249999999999999917e-02 1.805509259513000143e+04 1.218600639640000009e+04
2.750000000000000014e-02 1.709272897347999969e+04 1.477356376138999985e+04
3.250000000000000111e-02 1.471657116580000002e+04 1.309409786200000053e+04
3.749999999999999861e-02 1.246639311902000009e+04 9.552533060341000237e+03
4.250000000000000305e-02 1.060716545817999940e+04 6.750814087818000189e+03
4.750000000000000056e-02 1.034719281969999975e+04 7.606832984067000325e+03
5.249999999999999806e-02 9.428083430820999638e+03 7.163011746033000236e+03
5.750000000000000250e-02 9.062279921679000836e+03 6.909668952105000244e+03
6.250000000000000000e-02 8.277264644879000116e+03 6.231251990060000026e+03
6.750000000000000444e-02 7.735596835479000219e+03 5.575214407788000244e+03
7.249999999999999500e-02 7.061081691974000023e+03 4.979209562760000154e+03
7.749999999999999944e-02 6.654018101245999787e+03 4.726253811692000454e+03
8.250000000000000389e-02 6.076863300381000045e+03 4.397993357315999674e+03
8.749999999999999445e-02 5.588288144023999848e+03 4.128076631791000182e+03
9.249999999999999889e-02 4.886890917495000394e+03 3.602662839776000055e+03
9.750000000000000333e-02 4.490358102582999891e+03 3.096334497366000051e+03
1.024999999999999939e-01 4.141581871745000171e+03 2.834575242967000122e+03
1.074999999999999983e-01 3.836892839295000158e+03 2.679560388789000172e+03
1.125000000000000028e-01 3.729708573849000004e+03 2.778936168326999905e+03
1.174999999999999933e-01 3.536936027901000216e+03 2.362353239213000052e+03
1.224999999999999978e-01 3.378690323861999786e+03 2.447062026307999986e+03
1.275000000000000022e-01 3.226565254000000095e+03 2.294739406174000123e+03
1.325000000000000067e-01 3.008185318129999814e+03 2.098741048523999780e+03
1.375000000000000111e-01 2.907784409602999858e+03 2.021650260589000027e+03
1.424999999999999878e-01 2.752202012532000026e+03 1.929751397141000098e+03
1.474999999999999922e-01 2.546572285701000055e+03 1.689629306649999990e+03
1.524999999999999967e-01 2.411107066484999905e+03 1.646483006509000006e+03
1.575000000000000011e-01 2.216779091072000028e+03 1.613762642367999888e+03
1.625000000000000056e-01 2.109682961040999999e+03 1.447574306316000047e+03
1.675000000000000100e-01 2.018319714024999939e+03 1.416931954724999969e+03
1.724999999999999867e-01 1.916599535868999965e+03 1.294571800831000019e+03
1.774999999999999911e-01 1.804773268535999932e+03 1.245223953668999911e+03
1.824999999999999956e-01 1.761183011289999968e+03 1.169427836819000049e+03
1.875000000000000000e-01 1.701292573791999985e+03 1.137718924702000095e+03
1.925000000000000044e-01 1.649980829175000054e+03 1.070719197682999948e+03
1.975000000000000089e-01 1.560303116389000024e+03 1.038140113054000039e+03
2.025000000000000133e-01 1.495913997866000045e+03 9.511296458755999765e+02
2.074999999999999900e-01 1.431405193346000033e+03 9.299971753991000014e+02
2.124999999999999944e-01 1.374182399004999979e+03 8.370818824491999521e+02
2.174999999999999989e-01 1.311994225185999994e+03 8.116777954428999919e+02
2.225000000000000033e-01 1.245103616037999927e+03 7.759793404378000332e+02
2.275000000000000078e-01 1.202856257006000078e+03 7.635028768388000344e+02
2.325000000000000122e-01 1.150294757617999949e+03 7.366246944590000112e+02
2.374999999999999889e-01 1.127889201832000026e+03 7.054462494297999910e+02
2.424999999999999933e-01 1.077102637625999932e+03 6.285171624183000176e+02
2.474999999999999978e-01 1.037358711266999990e+03 6.434068192421999584e+02
2.525000000000000022e-01 1.007024272695000036e+03 5.857742361455999571e+02
2.575000000000000067e-01 9.828334411867999734e+02 5.673778286629000149e+02
2.625000000000000111e-01 9.408163751992999551e+02 5.465765145308999990e+02
2.675000000000000155e-01 9.049268692929999816e+02 5.262338569710999536e+02
2.725000000000000200e-01 8.794886684924000519e+02 5.103741195891000189e+02
2.775000000000000244e-01 8.432926442719000306e+02 4.874684831797000015e+02
2.824999999999999734e-01 8.167803709016000084e+02 4.493798288131999925e+02
2.874999999999999778e-01 7.917329442929999459e+02 4.441761698879000164e+02
2.924999999999999822e-01 7.664405414230000133e+02 4.329305118446000051e+02
2.974999999999999867e-01 7.353122771836999618e+02 3.844069197128000042e+02
3.024999999999999911e-01 7.194116464500999655e+02 3.997556272479000086e+02
3.074999999999999956e-01 6.910512181189000103e+02 3.818100213815999950e+02
3.125000000000000000e-01 6.764006377626999438e+02 3.700397727393000196e+02
3.175000000000000044e-01 6.605408230704000516e+02 3.384288463882999736e+02
3.225000000000000089e-01 6.390730358864999516e+02 3.410805153634000249e+02
3.275000000000000133e-01 6.267884628857000280e+02 3.167008861918000093e+02
3.325000000000000178e-01 6.043421987435000347e+02 3.039628357410999797e+02
3.375000000000000222e-01 5.883523123200000100e+02 2.906556677607999859e+02
3.425000000000000266e-01 5.721345504550999976e+02 2.861892265852000037e+02
3.474999999999999756e-01 5.541061880288999646e+02 2.719068716849000111e+02
3.524999999999999800e-01 5.408225421270000197e+02 2.619570698719999768e+02
3.574999999999999845e-01 5.263995297425999524e+02 2.562576619289000064e+02
3.624999999999999889e-01 5.142147972313000537e+02 2.355148716228999888e+02
3.674999999999999933e-01 4.975444615398999986e+02 2.278928812355999867e+02
3.724999999999999978e-01 4.867621108699000274e+02 2.135307466023000131e+02
3.775000000000000022e-01 4.728203803267999774e+02 2.187153492422000056e+02
3.825000000000000067e-01 4.623175046865000013e+02 2.047319392510999876e+02
3.875000000000000111e-01 4.503777537944000073e+02 1.996943412246999969e+02
3.925000000000000155e-01 4.386889245711000171e+02 1.985238618955000049e+02
3.975000000000000200e-01 4.257913645901999757e+02 1.777632230368000137e+02
4.025000000000000244e-01 4.190906094825999730e+02 1.728621323302999997e+02
4.074999999999999734e-01 4.073178813362000028e+02 1.666498138005999863e+02
4.124999999999999778e-01 3.962087917174000040e+02 1.615633785786000090e+02
4.174999999999999822e-01 3.902795888401000184e+02 1.556739043386000105e+02
4.224999999999999867e-01 3.792683364041999994e+02 1.484683533532000013e+02
4.274999999999999911e-01 3.705775452404000134e+02 1.423984222978999981e+02
4.324999999999999956e-01 3.593103519832999950e+02 1.311698214248999932e+02
4.375000000000000000e-01 3.518653903925999771e+02 1.280713875033999898e+02
4.425000000000000044e-01 3.453307768316000192e+02 1.267923455929000056e+02
4.475000000000000089e-01 3.340472685604000276e+02 1.126930076417999942e+02
4.525000000000000133e-01 3.298616117614000132e+02 1.143617581020999978e+02
4.575000000000000178e-01 3.189992364369999791e+02 1.033994296242999980e+02
4.625000000000000222e-01 3.178567052816999876e+02 1.060486190820000019e+02
4.675000000000000266e-01 3.069780631666999966e+02 1.031120277872999935e+02
4.724999999999999756e-01 3.014887763620999976e+02 9.838201929874000484e+01
4.774999999999999800e-01 2.938622296029000154e+02 8.705693027863999589e+01
4.824999999999999845e-01 2.882039297840000245e+02 8.904264552092000429e+01
4.874999999999999889e-01 2.832708068232000187e+02 8.658116519505999520e+01
4.924999999999999933e-01 2.784518500474000007e+02 8.573459134364999557e+01
4.974999999999999978e-01 2.720409157367000148e+02 7.276697499211999798e+01
5.024999999999999467e-01 2.656458682863000149e+02 7.172247706675000245e+01
5.074999999999999512e-01 2.632728898331999972e+02 6.080441652612000070e+01
5.124999999999999556e-01 2.548374351031000060e+02 7.011015260687000250e+01
5.174999999999999600e-01 2.530188605564999875e+02 6.186502704581999978e+01
5.224999999999999645e-01 2.471671731682000086e+02 6.478000831327000242e+01
5.274999999999999689e-01 2.397728787169999976e+02 5.952031225164000006e+01
5.324999999999999734e-01 2.349450431070999912e+02 5.457325420408999861e+01
5.374999999999999778e-01 2.307396298783000077e+02 5.546896601257999748e+01
5.424999999999999822e-01 2.276412270819000128e+02 5.069431867643000089e+01
5.474999999999999867e-01 2.250358439046999877e+02 4.591102994431999917e+01
5.524999999999999911e-01 2.203836945175000039e+02 4.583515427622999994e+01
5.574999999999999956e-01 2.159893412295000132e+02 4.433500942548000268e+01
5.625000000000000000e-01 2.125477647724999883e+02 4.250454566546000024e+01
5.675000000000000044e-01 2.069832277570999963e+02 3.897983840601000338e+01
5.725000000000000089e-01 2.035357080311999880e+02 4.053927729835000093e+01
5.775000000000000133e-01 1.990081599014000062e+02 3.698137064248999906e+01
5.825000000000000178e-01 1.949358445482999969e+02 3.361477176651000320e+01
5.875000000000000222e-01 1.944437414411999896e+02 3.140664529661000159e+01
5.925000000000000266e-01 1.883471806023999875e+02 3.011261265474000126e+01
5.975000000000000311e-01 1.865954399677000026e+02 2.620236661267000144e+01
6.025000000000000355e-01 1.831441794106999907e+02 2.678307129347999904e+01
6.075000000000000400e-01 1.788650646616999893e+02 2.209293718240000004e+01
6.125000000000000444e-01 1.757919427809999888e+02 2.272158807839999994e+01
6.175000000000000488e-01 1.745874525447999872e+02 1.894339472573999927e+01
6.225000000000000533e-01 1.699597932169999979e+02 1.954697731542000128e+01
6.274999999999999467e-01 1.679578087707000122e+02 1.961530265085000124e+01
6.324999999999999512e-01 1.664647844504999910e+02 1.699269365494999917e+01
6.374999999999999556e-01 1.631896392852999895e+02 1.849915043808000092e+01
6.424999999999999600e-01 1.603697872268000140e+02 1.433371669900999912e+01
6.474999999999999645e-01 1.582296776992999980e+02 1.425940273642999934e+01
6.524999999999999689e-01 1.551407473152999899e+02 1.337580740415999969e+01
6.574999999999999734e-01 1.526015968147000024e+02 8.608622798294000233e+00
6.624999999999999778e-01 1.485523753511999985e+02 1.036796610650999995e+01
6.674999999999999822e-01 1.481814636016999884e+02 6.835713374554000410e+00
6.724999999999999867e-01 1.449258676071000025e+02 4.338202334340000021e+00
6.774999999999999911e-01 1.430363600048999899e+02 6.612867419831999882e+00
6.824999999999999956e-01 1.414668036013000005e+02 4.785583039831999841e+00
6.875000000000000000e-01 1.386931249131999948e+02 6.707489797634000439e+00
6.925000000000000044e-01 1.373265738224000074e+02 4.700390700166000357e+00
6.975000000000000089e-01 1.350654711905000056e+02 4.174563184180000164e+00
7.025000000000000133e-01 1.335736548161000030e+02 1.697991794436000124e-01
7.075000000000000178e-01 1.309567591064999874e+02 -1.847842462245000039e+00
7.125000000000000222e-01 1.291579975825999895e+02 6.358120496064000315e-01
7.175000000000000266e-01 1.272652111377999944e+02 -2.485171715125999992e-01
7.225000000000000311e-01 1.244655969339000023e+02 -1.208219352480000008e+00
7.275000000000000355e-01 1.221651479469999941e+02 -4.927613525692000063e-01
7.325000000000000400e-01 1.221180809986000071e+02 1.145101026241999997e-01
7.375000000000000444e-01 1.191812154508999981e+02 -2.261789866707999863e+00
7.425000000000000488e-01 1.184184610214000060e+02 -3.518264334203999866e+00
7.475000000000000533e-01 1.161763966438000040e+02 -5.624703265343000247e+00
7.524999999999999467e-01 1.151267082493999965e+02 -4.426558998207999807e+00
7.574999999999999512e-01 1.136425129139000063e+02 -5.316237556624000327e+00
7.624999999999999556e-01 1.116829915606000014e+02 -6.306184700921000363e+00
7.674999999999999600e-01 1.096456579606000048e+02 -6.099828914204000085e+00
7.724999999999999645e-01 1.095714189734000001e+02 -6.539402499762999810e+00
7.774999999999999689e-01 1.071193046695999982e+02 -7.717981372770999826e+00
7.824999999999999734e-01 1.044983289757000051e+02 -8.512347421773000633e+00
7.874999999999999778e-01 1.043349187175000026e+02 -9.446424451216000051e+00
7.924999999999999822e-01 1.030633386692999949e+02 -9.548283409415999401e+00
7.974999999999999867e-01 1.015882044789999981e+02 -9.544646196975000052e+00
