2.500000000000000052e-03 9.523782628475999445e+03 1.950598144357999990e+04
7.499999999999999722e-03 1.924565582604999872e+04 1.401385991744999956e+04
1.250000000000000069e-02 1.884250196508999943e+04 1.050719285966999996e+04
1.750000000000000167e-02 1.843313303283999994e+04 1.783314071473999866e+04
2.249999999999999917e-02 1.753052641026999845e+04 1.217799704815000041e+04
2.750000000000000014e-02 1.681426038898000115e+04 1.287085189777999949e+04
3.250000000000000111e-02 1.529340964184000040e+04 1.083747185600000012e+04
3.749999999999999861e-02 1.310174031368999931e+04 1.010120304824000050e+04
4.250000000000000305e-02 1.119718580870000005e+04 8.073419668638000076e+03
4.750000000000000056e-02 1.013467736927000078e+04 7.931564350777999607e+03
5.249999999999999806e-02 9.099423766546000479e+03 5.988308110928999668e+03
5.750000000000000250e-02 8.945673731337999925e+03 6.419602327491000324e+03
6.250000000000000000e-02 8.392701413389000663e+03 7.270296828581000227e+03
6.750000000000000444e-02 7.749817343392000112e+03 5.142368175137000435e+03
7.249999999999999500e-02 7.175592742673000430e+03 5.196831536360000428e+03
7.749999999999999944e-02 6.611804564242000197e+03 4.813221699179999632e+03
8.250000000000000389e-02 6.104176537903000280e+03 3.962958826709999812e+03
8.749999999999999445e-02 5.335149908985999900e+03 3.872648701240999799e+03
9.249999999999999889e-02 4.975541024066999853e+03 3.712926956893999886e+03
9.750000000000000333e-02 4.526453220768000392e+03 3.367476512797999931e+03
1.024999999999999939e-01 4.121920885743999861e+03 2.832507782252000197e+03
1.074999999999999983e-01 3.850725347651999982e+03 2.714339712918999794e+03
1.125000000000000028e-01 3.653467530244000045e+03 2.718165712481999890e+03
1.174999999999999933e-01 3.447228946885999903e+03 2.457529283471999861e+03
1.224999999999999978e-01 3.395083676791000016e+03 2.397798869673999889e+03
1.275000000000000022e-01 3.247240882421000151e+03 2.234723260481000125e+03
1.325000000000000067e-01 3.080007573612000215e+03 2.044712425083999960e+03
1.375000000000000111e-01 2.872912376353000127e+03 1.970789274372999898e+03
1.424999999999999878e-01 2.731376220759999796e+03 1.889081816733000096e+03
1.474999999999999922e-01 2.554417137561999880e+03 1.693881569385999910e+03
1.524999999999999967e-01 2.367212649897000119e+03 1.619510971171999927e+03
1.575000000000000011e-01 2.219268947124000078e+03 1.593129748719999952e+03
1.625000000000000056e-01 2.111802268023000124e+03 1.438724542959000019e+03
1.675000000000000100e-01 2.015464282292000007e+03 1.432136316348000037e+03
1.724999999999999867e-01 1.888348409016000005e+03 1.300753761063999946e+03
1.774999999999999911e-01 1.820426795417999983e+03 1.218332752987000049e+03
1.824999999999999956e-01 1.757098115575000065e+03 1.152519026565000104e+03
1.875000000000000000e-01 1.712424427856999955e+03 1.103865613013000029e+03
1.925000000000000044e-01 1.628360625401000107e+03 1.060014072322999937e+03
1.975000000000000089e-01 1.565471647646000065e+03 1.005880622720000019e+03
2.025000000000000133e-01 1.507546654570000101e+03 1.007900022382999964e+03
2.074999999999999900e-01 1.437555448710000064e+03 9.040652425286000380e+02
2.124999999999999944e-01 1.371397185612999920e+03 8.511553858953999452e+02
2.174999999999999989e-01 1.310312955652000028e+03 8.006481664135000074e+02
2.225000000000000033e-01 1.250427820435000058e+03 7.986438483658999985e+02
2.275000000000000078e-01 1.213997494088999929e+03 7.709381696837000391e+02
2.325000000000000122e-01 1.154204476716000045e+03 7.244250967235999497e+02
2.374999999999999889e-01 1.109345680618999950e+03 6.868216025609000326e+02
2.424999999999999933e-01 1.066881536348000054e+03 6.431191642062999563e+02
2.474999999999999978e-01 1.050262443781000002e+03 6.398172232575000180e+02
2.525000000000000022e-01 1.009387596120000012e+03 6.094018877841999711e+02
2.575000000000000067e-01 9.617482363691999581e+02 5.513835866911999801e+02
2.625000000000000111e-01 9.346398713206999673e+02 5.467009550873999615e+02
2.675000000000000155e-01 9.170903205698000420e+02 5.286521030202000020e+02
2.725000000000000200e-01 8.800364309031999710e+02 4.922784627699999760e+02
2.775000000000000244e-01 8.506283642253999915e+02 4.917507514042999901e+02
2.824999999999999734e-01 8.208411046940999540e+02 4.609962906737999901e+02
2.874999999999999778e-01 7.917421788410999852e+02 4.503644595807999735e+02
2.924999999999999822e-01 7.658880913343999737e+02 4.274928513973000008e+02
2.974999999999999867e-01 7.418343933510000170e+02 4.118681210493999743e+02
3.024999999999999911e-01 7.138551925978999861e+02 4.000754689693999921e+02
3.074999999999999956e-01 6.924305966268999555e+02 3.651211826614999723e+02
3.125000000000000000e-01 6.846475706510000236e+02 3.685999461034999740e+02
3.175000000000000044e-01 6.583629378186999475e+02 3.472255492571999866e+02
3.225000000000000089e-01 6.430074991407999505e+02 3.385648173211000085e+02
3.275000000000000133e-01 6.200360959567999544e+02 3.153589782632000151e+02
3.325000000000000178e-01 6.072929942821999703e+02 3.085107501705999766e+02
3.375000000000000222e-01 5.893390756643999566e+02 2.857245703643000070e+02
3.425000000000000266e-01 5.754412474596999800e+02 2.843036551394999947e+02
3.474999999999999756e-01 5.588201472529000284e+02 2.724233007235000059e+02
3.524999999999999800e-01 5.386790793896999503e+02 2.516948814262999861e+02
3.574999999999999845e-01 5.254660832255999594e+02 2.660490893652000182e+02
3.624999999999999889e-01 5.174081548535999673e+02 2.481318104988999949e+02
3.674999999999999933e-01 4.994583048526999960e+02 2.367623846026999956e+02
3.724999999999999978e-01 4.875171466886999951e+02 2.133694317785999885e+02
3.775000000000000022e-01 4.731685065434999728e+02 2.128003050515000041e+02
3.825000000000000067e-01 4.627888472508000177e+02 2.129668334444999971e+02
3.875000000000000111e-01 4.512869047295000087e+02 1.921481306695000058e+02
3.925000000000000155e-01 4.429400399282999956e+02 1.908974125549999883e+02
3.975000000000000200e-01 4.278541986158999748e+02 1.836354733249999924e+02
4.025000000000000244e-01 4.174813163215000031e+02 1.757127212025999938e+02
4.074999999999999734e-01 4.079044269117999875e+02 1.625560823732000131e+02
4.124999999999999778e-01 3.961892487386999733e+02 1.669967297784999971e+02
4.174999999999999822e-01 3.862612949191000098e+02 1.562988772639000103e+02
4.224999999999999867e-01 3.809315106175999972e+02 1.574027591283999925e+02
4.274999999999999911e-01 3.723343418018000079e+02 1.427154859535999947e+02
4.324999999999999956e-01 3.611382227107999938e+02 1.339353603195000062e+02
4.375000000000000000e-01 3.526076039188000095e+02 1.241542637515999985e+02
4.425000000000000044e-01 3.444320947136999962e+02 1.273662313366999967e+02
4.475000000000000089e-01 3.345519598689999725e+02 1.135701217243999963e+02
4.525000000000000133e-01 3.300508156933000237e+02 1.190779168846000005e+02
4.575000000000000178e-01 3.222613037854000027e+02 1.097440529392000030e+02
4.625000000000000222e-01 3.177547121233000098e+02 1.101107543046999950e+02
4.675000000000000266e-01 3.096543201704000126e+02 1.030862007976000001e+02
4.724999999999999756e-01 3.024527366855999730e+02 1.013230802799999992e+02
4.774999999999999800e-01 2.956937346508000246e+02 8.760677404777000277e+01
4.824999999999999845e-01 2.891332328166000138e+02 8.649779208708000056e+01
4.874999999999999889e-01 2.808216893712000228e+02 8.661460874467999815e+01
4.924999999999999933e-01 2.799260359813000036e+02 8.217431711915999415e+01
4.974999999999999978e-01 2.734974487329000112e+02 8.108204302714000278e+01
5.024999999999999467e-01 2.677386541903999841e+02 7.490484081412000705e+01
5.074999999999999512e-01 2.607571502622000139e+02 7.460411973230000626e+01
5.124999999999999556e-01 2.543839772976000120e+02 6.869414389755000627e+01
5.174999999999999600e-01 2.505545485520999875e+02 6.297814961411999946e+01
5.224999999999999645e-01 2.471424498970999934e+02 6.421507289214000025e+01
5.274999999999999689e-01 2.419595417726999926e+02 6.581675053828000443e+01
5.324999999999999734e-01 2.353255261154000095e+02 5.751927745580000106e+01
5.374999999999999778e-01 2.325139049139000065e+02 5.075931655091999772e+01
5.424999999999999822e-01 2.265844464893999941e+02 4.924294577063000133e+01
5.474999999999999867e-01 2.217913762553000083e+02 4.475505853671000267e+01
5.524999999999999911e-01 2.206084185205000097e+02 4.566713483953999742e+01
5.574999999999999956e-01 2.152284083305999900e+02 4.408024058496000208e+01
5.625000000000000000e-01 2.086350478729000031e+02 3.766747820108000155e+01
5.675000000000000044e-01 2.071707999353999980e+02 4.177434949431999911e+01
5.725000000000000089e-01 2.035907286092999868e+02 3.631030437665999955e+01
5.775000000000000133e-01 2.003916770872999962e+02 3.208509622369000169e+01
5.825000000000000178e-01 1.958297005466000087e+02 3.301729322392999677e+01
5.875000000000000222e-01 1.905819689029999893e+02 3.007170576412000074e+01
5.925000000000000266e-01 1.898182129228999884e+02 3.437442784225000025e+01
5.975000000000000311e-01 1.856949433862999967e+02 2.546426561386000031e+01
6.025000000000000355e-01 1.822648105597000097e+02 2.741323676093999850e+01
6.075000000000000400e-01 1.812138500195999882e+02 2.090292546024999965e+01
6.125000000000000444e-01 1.761653197587999955e+02 2.453386071765000054e+01
6.175000000000000488e-01 1.724326005066999983e+02 1.949242576796000037e+01
6.225000000000000533e-01 1.697845661842999903e+02 1.815815803442000131e+01
6.274999999999999467e-01 1.693567049083000029e+02 1.813473584843999831e+01
6.324999999999999512e-01 1.637719528110999931e+02 1.748711136753000162e+01
6.374999999999999556e-01 1.638462311408000005e+02 1.363568389071000020e+01
6.424999999999999600e-01 1.599306159468999908e+02 1.537705464128999999e+01
6.474999999999999645e-01 1.579071192339000049e+02 1.463540292655000030e+01
6.524999999999999689e-01 1.548585842285999945e+02 1.090299200559000070e+01
6.574999999999999734e-01 1.536265116762999980e+02 1.185524841436000010e+01
6.624999999999999778e-01 1.500097027992999870e+02 9.493633641470999862e+00
6.674999999999999822e-01 1.477058363746000111e+02 7.648537523827999784e+00
6.724999999999999867e-01 1.451905524025999910e+02 6.241580067302000323e+00
6.774999999999999911e-01 1.429878190082999936e+02 4.294877022877000350e+00
6.824999999999999956e-01 1.422022448335000036e+02 3.140398659465999831e+00
6.875000000000000000e-01 1.391342468018000034e+02 3.078411448613000090e+00
6.925000000000000044e-01 1.392038563263000128e+02 5.508756945152000206e+00
6.975000000000000089e-01 1.353925694007000118e+02 2.254102707903999914e+00
7.025000000000000133e-01 1.330837893641999869e+02 -1.047212241019000040e-01
7.075000000000000178e-01 1.318968913504999989e+02 -2.065157232275000032e-01
7.125000000000000222e-01 1.285979102322000074e+02 -1.062468963217999995e+00
7.175000000000000266e-01 1.260849990619999943e+02 -1.511455452629999918e+00
7.225000000000000311e-01 1.250971780540999987e+02 -7.305367306760000012e-01
7.275000000000000355e-01 1.233679906370999930e+02 -1.600545748642000055e+00
7.325000000000000400e-01 1.213793798019000008e+02 -3.542954468440000060e+00
7.375000000000000444e-01 1.193006213042000070e+02 -1.901010201063999983e+00
7.425000000000000488e-01 1.172883684852999977e+02 -2.100727402179999981e+00
7.475000000000000533e-01 1.169058541912999942e+02 -3.295650800050999862e+00
7.524999999999999467e-01 1.152407211290999953e+02 -6.739649470420999933e+00
7.574999999999999512e-01 1.124643698521000061e+02 -6.840633102435999646e+00
7.624999999999999556e-01 1.119932381244999959e+02 -6.922400829336000427e+00
7.674999999999999600e-01 1.100892440924999960e+02 -8.093373098236000374e+00
7.724999999999999645e-01 1.081171169959999929e+02 -8.642228264370000801e+00
7.774999999999999689e-01 1.083024877133999979e+02 -6.922713938417000001e+00
7.824999999999999734e-01 1.055173813824000035e+02 -7.444746976678000117e+00
7.874999999999999778e-01 1.041393212102999968e+02 -7.739527635651000104e+00
7.924999999999999822e-01 1.029024300269999941e+02 -7.933285051950999645e+00
7.974999999999999867e-01 1.017843460847000046e+02 -1.019458771308999978e+01
