2.500000000000000052e-03 3.315267629305999890e+03 4.632578863974000342e+03
7.499999999999999722e-03 1.622906029128999944e+04 1.265278281405999951e+04
1.250000000000000069e-02 1.946278620738999962e+04 1.750283173768000051e+04
1.750000000000000167e-02 2.042384255883999867e+04 2.426330658572999891e+04
2.249999999999999917e-02 1.911369900373999917e+04 1.348900055142000019e+04
2.750000000000000014e-02 1.571135586128000068e+04 8.456271066196000902e+03
3.250000000000000111e-02 1.456198419434000061e+04 9.493871171794000475e+03
3.749999999999999861e-02 1.365205574374999924e+04 1.163199252913000055e+04
4.250000000000000305e-02 1.124033748736000052e+04 9.411953597501000331e+03
4.750000000000000056e-02 1.037634503582000070e+04 7.757580456026999855e+03
5.249999999999999806e-02 9.771588948709999386e+03 8.101357854380000390e+03
5.750000000000000250e-02 8.958358721362999859e+03 6.925221286431999943e+03
6.250000000000000000e-02 8.319565284181999232e+03 6.524908620766999775e+03
6.750000000000000444e-02 7.928718574335999620e+03 6.426408975952000219e+03
7.249999999999999500e-02 7.345856037427999581e+03 5.279091369839000436e+03
7.749999999999999944e-02 6.615681927640999675e+03 4.628749478337000255e+03
8.250000000000000389e-02 6.142377471935999893e+03 4.213506055351000214e+03
8.749999999999999445e-02 5.353165163874000427e+03 3.840755244420000054e+03
9.249999999999999889e-02 5.030328981958000440e+03 3.888903433627000140e+03
9.750000000000000333e-02 4.580249554652000370e+03 3.242413270910999927e+03
1.024999999999999939e-01 4.233364514341000358e+03 3.160129795616000138e+03
1.074999999999999983e-01 3.850457143317999908e+03 2.568199272168999869e+03
1.125000000000000028e-01 3.641909234247999848e+03 2.537532983903000058e+03
1.174999999999999933e-01 3.489515313465999952e+03 2.343150694413000110e+03
1.224999999999999978e-01 3.379233404449999853e+03 2.430502678152000044e+03
1.275000000000000022e-01 3.227140702223000062e+03 2.301846700622999833e+03
1.325000000000000067e-01 3.067187119078999785e+03 2.106482554020999942e+03
1.375000000000000111e-01 2.951843825068000115e+03 2.040463673216999950e+03
1.424999999999999878e-01 2.716205924195000080e+03 1.730045098168000095e+03
1.474999999999999922e-01 2.545900414347000151e+03 1.697917816708999908e+03
1.524999999999999967e-01 2.371107491859000220e+03 1.668305043923000085e+03
1.575000000000000011e-01 2.233986927713000114e+03 1.535312147408000101e+03
1.625000000000000056e-01 2.106682368746000066e+03 1.427228162260000090e+03
1.675000000000000100e-01 1.982623123273999909e+03 1.364209001257999944e+03
1.724999999999999867e-01 1.917312735617000044e+03 1.373799325898999996e+03
1.774999999999999911e-01 1.835144956601000104e+03 1.229569008259999919e+03
1.824999999999999956e-01 1.771592321114000015e+03 1.193283225533999939e+03
1.875000000000000000e-01 1.711906353270999944e+03 1.107621392646999993e+03
1.925000000000000044e-01 1.642463018162000026e+03 1.067408667957000034e+03
1.975000000000000089e-01 1.571043609142999912e+03 9.766919305554999937e+02
2.025000000000000133e-01 1.514626067358000000e+03 9.578845196091999696e+02
2.074999999999999900e-01 1.449862681821000024e+03 9.441081955122999716e+02
2.124999999999999944e-01 1.361706356812999957e+03 8.689589508561000457e+02
2.174999999999999989e-01 1.300411772955000060e+03 8.320486769417999540e+02
2.225000000000000033e-01 1.254890421412000023e+03 8.084592617260999532e+02
2.275000000000000078e-01 1.209677062123000042e+03 7.664835068817000092e+02
2.325000000000000122e-01 1.166776403741999957e+03 7.328103777587000422e+02
2.374999999999999889e-01 1.117946694373999890e+03 7.288108055630999615e+02
2.424999999999999933e-01 1.082208253085000024e+03 6.537145174198999484e+02
2.474999999999999978e-01 1.045512306980999938e+03 6.344874418557000126e+02
2.525000000000000022e-01 1.001964667830000053e+03 5.952365317134000406e+02
2.575000000000000067e-01 9.761362613121999630e+02 5.820273817145999828e+02
2.625000000000000111e-01 9.328778050619999931e+02 5.554829550570999572e+02
2.675000000000000155e-01 9.106147414875000550e+02 5.325436013175000198e+02
2.725000000000000200e-01 8.728511213476999728e+02 4.858775445115999787e+02
2.775000000000000244e-01 8.477872987448999993e+02 4.956853979319000132e+02
2.824999999999999734e-01 8.242118540878999511e+02 4.748820330235000142e+02
2.874999999999999778e-01 7.955331139833000407e+02 4.482034548806000203e+02
2.924999999999999822e-01 7.701536993935000055e+02 4.323258057151999765e+02
2.974999999999999867e-01 7.422845334784999523e+02 4.094577245757000128e+02
3.024999999999999911e-01 7.225519079293000004e+02 3.925878148316999727e+02
3.074999999999999956e-01 7.066075796658999479e+02 3.769614586391999751e+02
3.125000000000000000e-01 6.813703911958000390e+02 3.758792141380000089e+02
3.175000000000000044e-01 6.584860599922000119e+02 3.491511345266999911e+02
3.225000000000000089e-01 6.415719537520999438e+02 3.405824487990000193e+02
3.275000000000000133e-01 6.208878365783999698e+02 3.184407628993000117e+02
3.325000000000000178e-01 6.012709697420999646e+02 3.238607392334999986e+02
3.375000000000000222e-01 5.903220977518999462e+02 2.866032131553999989e+02
3.425000000000000266e-01 5.655304764589000115e+02 2.891645220397999765e+02
3.474999999999999756e-01 5.558529908791000480e+02 2.780242487356999845e+02
3.524999999999999800e-01 5.397022065057000191e+02 2.716117408819000048e+02
3.574999999999999845e-01 5.246228357658000050e+02 2.577965859302000240e+02
3.624999999999999889e-01 5.129822642597999902e+02 2.431638895616000013e+02
3.674999999999999933e-01 4.956993165463999844e+02 2.347796164490000024e+02
3.724999999999999978e-01 4.875843341356999758e+02 2.144350675203999970e+02
3.775000000000000022e-01 4.737378584365000052e+02 2.065071105245999945e+02
3.825000000000000067e-01 4.648699926020000248e+02 2.012631555908999985e+02
3.875000000000000111e-01 4.496171422712000094e+02 2.038781115655999940e+02
3.925000000000000155e-01 4.385317992105000258e+02 1.872306914687000017e+02
3.975000000000000200e-01 4.301991123001000119e+02 1.843935796623999863e+02
4.025000000000000244e-01 4.155376851388999739e+02 1.771636898236000093e+02
4.074999999999999734e-01 4.101126271914999961e+02 1.597821130787999948e+02
4.124999999999999778e-01 3.982958235770000215e+02 1.532304713650999872e+02
4.174999999999999822e-01 3.882431403269999919e+02 1.563725836668999989e+02
4.224999999999999867e-01 3.799666804740999737e+02 1.511393494589999875e+02
4.274999999999999911e-01 3.705350554404000150e+02 1.404851017487999911e+02
4.324999999999999956e-01 3.620595890463999922e+02 1.295495258553000042e+02
4.375000000000000000e-01 3.547615754967000044e+02 1.328719375555000113e+02
4.425000000000000044e-01 3.489481744436999975e+02 1.269142096788999936e+02
4.475000000000000089e-01 3.388749781874000178e+02 1.187941160192000041e+02
4.525000000000000133e-01 3.303661718156000120e+02 1.140115473494000042e+02
4.575000000000000178e-01 3.231683340777000240e+02 1.079562356402999939e+02
4.625000000000000222e-01 3.166362950994999892e+02 1.045524064099000014e+02
4.675000000000000266e-01 3.093138156937999952e+02 9.679545400793999477e+01
4.724999999999999756e-01 3.011850836741999728e+02 9.172954643327000213e+01
4.774999999999999800e-01 2.958181376239999736e+02 9.421323110339000095e+01
4.824999999999999845e-01 2.873580939207000142e+02 8.237128264081999873e+01
4.874999999999999889e-01 2.843660276100000033e+02 8.370619648638999877e+01
4.924999999999999933e-01 2.782715775745999736e+02 8.408432246831999635e+01
4.974999999999999978e-01 2.725411291982999842e+02 7.541282234294999398e+01
5.024999999999999467e-01 2.674329463285000088e+02 7.599659124410000288e+01
5.074999999999999512e-01 2.585837687386999733e+02 7.387143166693999774e+01
5.124999999999999556e-01 2.556158671368000057e+02 6.971129776851999793e+01
5.174999999999999600e-01 2.500531816518000028e+02 6.629428818338999463e+01
5.224999999999999645e-01 2.469192600160999973e+02 6.025646625179999916e+01
5.274999999999999689e-01 2.423088236821999999e+02 5.837568192852000237e+01
5.324999999999999734e-01 2.371823324951000131e+02 5.289711265791000017e+01
5.374999999999999778e-01 2.308106495963999976e+02 5.056305945906999710e+01
5.424999999999999822e-01 2.275800289636999878e+02 5.350955915533999985e+01
5.474999999999999867e-01 2.223220029327999896e+02 4.988609649680000047e+01
5.524999999999999911e-01 2.170917509585999881e+02 4.389010402443999936e+01
5.574999999999999956e-01 2.163190750578999939e+02 4.092863897269000262e+01
5.625000000000000000e-01 2.104317285177000088e+02 4.162303185590999988e+01
5.675000000000000044e-01 2.077590249479999898e+02 3.911481726777000034e+01
5.725000000000000089e-01 2.030131615839999881e+02 3.766153918511000143e+01
5.775000000000000133e-01 2.003138128091999874e+02 3.122089766263999877e+01
5.825000000000000178e-01 1.977181524858000046e+02 2.992316943371000093e+01
5.875000000000000222e-01 1.929109381268999925e+02 3.271254470470999820e+01
5.925000000000000266e-01 1.895657389831000046e+02 3.008814754124999880e+01
5.975000000000000311e-01 1.858671567266999887e+02 2.550420064991000046e+01
6.025000000000000355e-01 1.850747044432999928e+02 2.278483940585000056e+01
6.075000000000000400e-01 1.798181990266000128e+02 2.639654619738999841e+01
6.125000000000000444e-01 1.772648199971000054e+02 1.964031044465000164e+01
6.175000000000000488e-01 1.732286903682000059e+02 2.043511343136999869e+01
6.225000000000000533e-01 1.714638856928999928e+02 1.774996766893999833e+01
6.274999999999999467e-01 1.691361399746000131e+02 1.532463129303000038e+01
6.324999999999999512e-01 1.657665012081999976e+02 2.126936704043000148e+01
6.374999999999999556e-01 1.625103598409999961e+02 1.426684684415000071e+01
6.424999999999999600e-01 1.597881680929999959e+02 1.257989701842999963e+01
6.474999999999999645e-01 1.576767949592000093e+02 1.343890285688999953e+01
6.524999999999999689e-01 1.540973919360000082e+02 1.221316999247999924e+01
6.574999999999999734e-01 1.526485697864000031e+02 1.240568045136999942e+01
6.624999999999999778e-01 1.522951281729999948e+02 8.207665394988000074e+00
6.674999999999999822e-01 1.473840503963999993e+02 8.168966465440000491e+00
6.724999999999999867e-01 1.461487621580000109e+02 6.075909343076999924e+00
6.774999999999999911e-01 1.434105345108000051e+02 4.626326665859999743e+00
6.824999999999999956e-01 1.418070811890000016e+02 4.485112698113000285e+00
6.875000000000000000e-01 1.394288990631000047e+02 4.663244381972000419e+00
6.925000000000000044e-01 1.371735580698000092e+02 3.586249337546000060e+00
6.975000000000000089e-01 1.358452542416999904e+02 1.085881127196999918e+00
7.025000000000000133e-01 1.322866665084999909e+02 -1.661064259178999913e+00
7.075000000000000178e-01 1.307028480356999864e+02 1.089251270647999981e+00
7.125000000000000222e-01 1.293285254921999865e+02 -1.204811561110999962e+00
7.175000000000000266e-01 1.266167078266000061e+02 -1.138594819506000055e+00
7.225000000000000311e-01 1.238219457921999975e+02 9.955642617637000535e-01
7.275000000000000355e-01 1.232810826338999988e+02 -5.125573277122000171e+00
7.325000000000000400e-01 1.212124901979999976e+02 -1.197813977262000007e+00
7.375000000000000444e-01 1.192437045933999968e+02 -2.852065762631000201e+00
7.425000000000000488e-01 1.178054498472999967e+02 -3.966108574090000172e+00
7.475000000000000533e-01 1.165145922388000059e+02 -6.917296956875000014e+00
7.524999999999999467e-01 1.153434524782000068e+02 -6.311581116234999733e+00
7.574999999999999512e-01 1.122726527408999999e+02 -6.747887576699000078e+00
7.624999999999999556e-01 1.110316062979999998e+02 -6.835575191981999588e+00
7.674999999999999600e-01 1.093983414766999971e+02 -6.139073260985999703e+00
7.724999999999999645e-01 1.086937681106000042e+02 -8.780418838213000399e+00
7.774999999999999689e-01 1.079709572024000011e+02 -7.333628217166999974e+00
7.824999999999999734e-01 1.057322745139999967e+02 -7.494874835269000002e+00
7.874999999999999778e-01 1.042928065683999961e+02 -9.224003908303000543e+00
7.924999999999999822e-01 1.029221342512999939e+02 -8.541819391767999647e+00
7.974999999999999867e-01 1.010150864425000066e+02 -9.022853051475999919e+00
