2.500000000000000052e-03 7.768386256091999712e+03 2.130972265436999805e+03
7.499999999999999722e-03 1.421058813252000073e+04 7.466300713915000415e+03
1.250000000000000069e-02 1.838214478981999855e+04 1.099652243018999980e+04
1.750000000000000167e-02 1.971645778884000174e+04 1.592140755877000083e+04
2.249999999999999917e-02 1.874037407259999964e+04 1.691823329531000127e+04
2.750000000000000014e-02 1.695853545235999991e+04 1.515281280897000033e+04
3.250000000000000111e-02 1.443483556341000076e+04 1.048073173889999998e+04
3.749999999999999861e-02 1.320171501763000015e+04 1.023678368265000063e+04
4.250000000000000305e-02 1.134853489979000005e+04 8.103978850133000378e+03
4.750000000000000056e-02 9.955399800836999930e+03 7.572944756417999997e+03
5.249999999999999806e-02 9.182315444211000795e+03 6.648993581753999933e+03
5.750000000000000250e-02 8.766339077997999993e+03 6.491826103829999738e+03
6.250000000000000000e-02 8.364370188769000379e+03 6.471095970874999693e+03
6.750000000000000444e-02 7.854679897390999940e+03 5.986094621958000062e+03
7.249999999999999500e-02 7.111610839203999603e+03 4.870270289973000217e+03
7.749999999999999944e-02 6.680365767649000190e+03 4.878491069556000184e+03
8.250000000000000389e-02 6.110610641362999559e+03 4.703482234424000126e+03
8.749999999999999445e-02 5.603696545845999935e+03 4.271227224062999994e+03
9.249999999999999889e-02 4.908812094842999613e+03 3.464572729683000034e+03
9.750000000000000333e-02 4.571379711937000138e+03 3.461291065555999921e+03
1.024999999999999939e-01 4.111731636397999864e+03 3.003942591167000046e+03
1.074999999999999983e-01 3.929576606556000115e+03 2.897636083876000157e+03
1.125000000000000028e-01 3.707231324167999901e+03 2.792658989701999872e+03
1.174999999999999933e-01 3.486619124228000146e+03 2.361393543300000147e+03
1.224999999999999978e-01 3.406274890381000205e+03 2.483627315966999959e+03
1.275000000000000022e-01 3.209010048949000065e+03 2.285778862968999874e+03
1.325000000000000067e-01 3.048926807400000143e+03 2.059830837032000090e+03
1.375000000000000111e-01 2.900925610373999916e+03 1.996823186523999993e+03
1.424999999999999878e-01 2.733307538696999927e+03 1.787873526466999920e+03
1.474999999999999922e-01 2.594198107289999825e+03 1.909753073914999959e+03
1.524999999999999967e-01 2.391857951553000021e+03 1.651182320952000055e+03
1.575000000000000011e-01 2.226544937910000044e+03 1.542549677404000022e+03
1.625000000000000056e-01 2.094291708451999966e+03 1.426601532275999944e+03
1.675000000000000100e-01 1.994084302289000107e+03 1.409328470048000099e+03
1.724999999999999867e-01 1.898673239106999972e+03 1.249438144727999997e+03
1.774999999999999911e-01 1.829496122037000077e+03 1.238738824143000102e+03
1.824999999999999956e-01 1.769740236476000064e+03 1.219487975442000106e+03
1.875000000000000000e-01 1.698447614639999983e+03 1.138539242577000095e+03
1.925000000000000044e-01 1.631856187586000033e+03 1.081272861891000048e+03
1.975000000000000089e-01 1.571435374102999958e+03 1.011450560752999991e+03
2.025000000000000133e-01 1.505300196173999893e+03 9.897391861890999962e+02
2.074999999999999900e-01 1.429399236644999974e+03 9.282933140635000200e+02
2.124999999999999944e-01 1.385999933539000040e+03 9.014132957179999721e+02
2.174999999999999989e-01 1.306742089274999898e+03 8.606034314954999900e+02
2.225000000000000033e-01 1.252408301621999954e+03 8.249872539703000029e+02
2.275000000000000078e-01 1.200572595485999955e+03 7.466947936597999842e+02
2.325000000000000122e-01 1.161441267767999989e+03 7.334140670852999619e+02
2.374999999999999889e-01 1.115850259099999903e+03 6.731848001311999496e+02
2.424999999999999933e-01 1.069076529012000037e+03 6.741012273137999955e+02
2.474999999999999978e-01 1.045283771759000047e+03 6.456684904725000251e+02
2.525000000000000022e-01 1.011187380451999957e+03 6.102356489093000391e+02
2.575000000000000067e-01 9.859732608369999980e+02 6.112737974335000217e+02
2.625000000000000111e-01 9.379839513686999908e+02 5.305032050111999524e+02
2.675000000000000155e-01 9.128567446839000468e+02 5.299458398063000004e+02
2.725000000000000200e-01 8.726068419913999605e+02 5.138643691329999683e+02
2.775000000000000244e-01 8.422005200090000017e+02 5.098943815380000046e+02
2.824999999999999734e-01 8.218023882628000365e+02 4.780179203317999850e+02
2.874999999999999778e-01 7.926455424883999967e+02 4.423341958848000104e+02
2.924999999999999822e-01 7.690306656343999521e+02 4.417219930233999889e+02
2.974999999999999867e-01 7.383121883339999840e+02 4.030531241030000160e+02
3.024999999999999911e-01 7.236750633921000144e+02 4.008625791525000182e+02
3.074999999999999956e-01 6.952552609691999805e+02 3.868014245100000039e+02
3.125000000000000000e-01 6.786162502296999719e+02 3.640157042494000166e+02
3.175000000000000044e-01 6.642030452678000074e+02 3.412464445415000114e+02
3.225000000000000089e-01 6.416118035649000149e+02 3.324821062728000243e+02
3.275000000000000133e-01 6.183089878954999676e+02 3.215627271775999816e+02
3.325000000000000178e-01 6.029446954979000566e+02 2.996824886753000214e+02
3.375000000000000222e-01 5.862494997984000520e+02 2.949109901236000155e+02
3.425000000000000266e-01 5.768568227724999815e+02 2.850532255442000178e+02
3.474999999999999756e-01 5.581546819200999607e+02 2.707115873879000105e+02
3.524999999999999800e-01 5.411400754510000297e+02 2.678840316164000228e+02
3.574999999999999845e-01 5.281086551954000470e+02 2.429507395367000129e+02
3.624999999999999889e-01 5.116330337453999846e+02 2.444979035016999944e+02
3.674999999999999933e-01 5.009240666901000054e+02 2.359105233452000050e+02
3.724999999999999978e-01 4.870697899108000115e+02 2.325100201793999872e+02
3.775000000000000022e-01 4.722466559398999948e+02 2.172293286450999972e+02
3.825000000000000067e-01 4.637840266207999775e+02 2.004725264168000081e+02
3.875000000000000111e-01 4.518870799764999902e+02 1.966728446083000108e+02
3.925000000000000155e-01 4.398978526010999985e+02 1.883172151972999870e+02
3.975000000000000200e-01 4.256179015054000274e+02 1.867500337337000076e+02
4.025000000000000244e-01 4.185035379376000151e+02 1.799055115324999861e+02
4.074999999999999734e-01 4.101739655468999786e+02 1.710350494365999907e+02
4.124999999999999778e-01 3.964749113510999905e+02 1.576346173489000080e+02
4.174999999999999822e-01 3.876974469274999819e+02 1.635989099342999964e+02
4.224999999999999867e-01 3.776871520555000075e+02 1.538683665103000067e+02
4.274999999999999911e-01 3.701660115909999718e+02 1.446976634856999908e+02
4.324999999999999956e-01 3.612859120215999837e+02 1.400036109881999948e+02
4.375000000000000000e-01 3.539350753694000105e+02 1.337888815734999923e+02
4.425000000000000044e-01 3.467909922699000163e+02 1.235790268606999973e+02
4.475000000000000089e-01 3.386307739586000025e+02 1.189449825734999990e+02
4.525000000000000133e-01 3.308877365385000076e+02 1.180674669439000013e+02
4.575000000000000178e-01 3.244405245227000023e+02 1.120356520483999958e+02
4.625000000000000222e-01 3.160646816682000235e+02 1.062567724012999975e+02
4.675000000000000266e-01 3.094216250490999869e+02 1.049332249935000050e+02
4.724999999999999756e-01 3.036766258787999959e+02 9.815079679737000617e+01
4.774999999999999800e-01 2.967352676035999934e+02 9.229348739115999933e+01
4.824999999999999845e-01 2.895882115402999943e+02 8.552949591715000111e+01
4.874999999999999889e-01 2.829734354711000037e+02 7.976392421657000398e+01
4.924999999999999933e-01 2.763317388765000260e+02 8.044935763473999657e+01
4.974999999999999978e-01 2.741296176032000176e+02 7.699016462264999916e+01
5.024999999999999467e-01 2.673861384824999732e+02 7.623148732274999873e+01
5.074999999999999512e-01 2.621749253254000109e+02 7.060594387676999872e+01
5.124999999999999556e-01 2.577690469011000118e+02 7.028964897132999567e+01
5.174999999999999600e-01 2.500262827973000128e+02 6.846146865846999674e+01
5.224999999999999645e-01 2.457765386284999920e+02 6.536044774241000255e+01
5.274999999999999689e-01 2.404058813615000076e+02 5.915104139332999722e+01
5.324999999999999734e-01 2.373669945354000106e+02 5.515717037411999968e+01
5.374999999999999778e-01 2.342391295037000134e+02 4.958200401082999775e+01
5.424999999999999822e-01 2.274895037405999858e+02 5.147068014173999728e+01
5.474999999999999867e-01 2.218489831379999941e+02 4.786731337439999834e+01
5.524999999999999911e-01 2.191511041924999859e+02 4.740371875860000017e+01
5.574999999999999956e-01 2.141369537756000057e+02 4.209763369141000311e+01
5.625000000000000000e-01 2.121858507970000005e+02 4.067093886164000338e+01
5.675000000000000044e-01 2.100187293271000044e+02 3.817785262799999657e+01
5.725000000000000089e-01 2.051547548744999858e+02 3.703513646828999839e+01
5.775000000000000133e-01 1.998900336597000091e+02 3.755474382559000190e+01
5.825000000000000178e-01 1.975723989219000032e+02 3.290378696940000225e+01
5.875000000000000222e-01 1.926675108267999974e+02 2.764724031038999996e+01
5.925000000000000266e-01 1.894423771479000038e+02 3.077202187350000173e+01
5.975000000000000311e-01 1.855369828254999902e+02 2.350663522107999981e+01
6.025000000000000355e-01 1.823766673146000130e+02 2.419246405263000099e+01
6.075000000000000400e-01 1.806444079068000121e+02 2.222425022947999906e+01
6.125000000000000444e-01 1.762673846696999931e+02 2.121299806684999822e+01
6.175000000000000488e-01 1.742926104983000073e+02 1.992442783981000076e+01
6.225000000000000533e-01 1.705255289799000025e+02 1.970784887142000130e+01
6.274999999999999467e-01 1.693743292645000054e+02 1.805316292867000172e+01
6.324999999999999512e-01 1.648761888477999946e+02 1.799392997428000029e+01
6.374999999999999556e-01 1.624863743614000100e+02 1.248653297341000012e+01
6.424999999999999600e-01 1.607213191877999918e+02 1.323846639293999949e+01
6.474999999999999645e-01 1.569889442074000101e+02 1.085250711786000011e+01
6.524999999999999689e-01 1.556769403414000124e+02 1.026752437090999948e+01
6.574999999999999734e-01 1.511347473083999944e+02 1.054575836421999924e+01
6.624999999999999778e-01 1.502490763414000128e+02 1.038842332329000051e+01
6.674999999999999822e-01 1.489030459669000095e+02 9.981198903407999978e+00
6.724999999999999867e-01 1.445736026817000095e+02 7.343868334967000422e+00
6.774999999999999911e-01 1.428801743063999936e+02 8.133414873582999860e+00
6.824999999999999956e-01 1.395999476675999915e+02 7.156047591765999805e+00
6.875000000000000000e-01 1.402570803449999914e+02 3.643969267047999949e+00
6.925000000000000044e-01 1.360099557396000023e+02 1.789778182864999900e+00
6.975000000000000089e-01 1.344309661279000068e+02 3.206878111722000213e+00
7.025000000000000133e-01 1.327390248673999906e+02 2.479636589215000075e+00
7.075000000000000178e-01 1.302350711070000102e+02 9.025303818976000425e-01
7.125000000000000222e-01 1.286300331538000137e+02 -1.863045569946000013e+00
7.175000000000000266e-01 1.265490070411999994e+02 -1.656502762551000041e+00
7.225000000000000311e-01 1.241556693913999965e+02 -4.712486654674999942e-01
7.275000000000000355e-01 1.233555929656999979e+02 -1.481348271486000012e+00
7.325000000000000400e-01 1.214604720450000030e+02 -3.369975070551999963e+00
7.375000000000000444e-01 1.197569266441000053e+02 -1.685684282149999991e+00
7.425000000000000488e-01 1.188555782895000021e+02 -6.649221252098000079e+00
7.475000000000000533e-01 1.160896835923999930e+02 -6.236402082266000235e+00
7.524999999999999467e-01 1.155343868930000042e+02 -4.436228934726999640e+00
7.574999999999999512e-01 1.125469756213999943e+02 -5.346301309598000095e+00
7.624999999999999556e-01 1.114809843637000029e+02 -6.849025836644000442e+00
7.674999999999999600e-01 1.107508512559000025e+02 -5.601964106756000206e+00
7.724999999999999645e-01 1.083466416500999969e+02 -6.155709220052999697e+00
7.774999999999999689e-01 1.065825421193000011e+02 -7.768160448217000358e+00
7.824999999999999734e-01 1.061968779710000064e+02 -4.067158072536999569e+00
7.874999999999999778e-01 1.040929561980999978e+02 -7.925931954095999821e+00
7.924999999999999822e-01 1.025963885169000065e+02 -9.398938379583999136e+00
7.974999999999999867e-01 1.007712827303000012e+02 -9.135233261292999174e+00
