2.500000000000000052e-03 1.109311595028999909e+04 1.505724086748999980e+04
7.499999999999999722e-03 1.641692685146000076e+04 1.746295770256999822e+04
1.250000000000000069e-02 1.848836141896999834e+04 1.445802974474000075e+04
1.750000000000000167e-02 2.138103062154999861e+04 1.877812720342000102e+04
2.249999999999999917e-02 1.795744940676999977e+04 1.338389463944000090e+04
2.750000000000000014e-02 1.715950676988999840e+04 1.539389360927999951e+04
3.250000000000000111e-02 1.447743438615000014e+04 1.171952324398000019e+04
3.749999999999999861e-02 1.293070924143999946e+04 9.246592981571999189e+03
4.250000000000000305e-02 1.077514919193000060e+04 8.375291596541999752e+03
4.750000000000000056e-02 1.017121903123000084e+04 8.020861313983999935e+03
5.249999999999999806e-02 9.552725074268000753e+03 7.461703586550999717e+03
5.750000000000000250e-02 8.894090390077999473e+03 6.629501516977999927e+03
6.250000000000000000e-02 8.295722584560999167e+03 6.332655822083000203e+03
6.750000000000000444e-02 7.907036027633000231e+03 6.109045691547999922e+03
7.249999999999999500e-02 7.277255046450000009e+03 5.083032722298000408e+03
7.749999999999999944e-02 6.605925376438000058e+03 4.808961848466000447e+03
8.250000000000000389e-02 6.027357045202999871e+03 4.469148194213999886e+03
8.749999999999999445e-02 5.557673015131000284e+03 4.221536056674999600e+03
9.249999999999999889e-02 5.016814134651999666e+03 3.617036139885000011e+03
9.750000000000000333e-02 4.515059428962999846e+03 3.274717965754000033e+03
1.024999999999999939e-01 4.167090095294000093e+03 3.090416202511999927e+03
1.074999999999999983e-01 3.831785567144000197e+03 2.750548990243999924e+03
1.125000000000000028e-01 3.610051786214000003e+03 2.534173154842999793e+03
1.174999999999999933e-01 3.508362146754000150e+03 2.481663013103000139e+03
1.224999999999999978e-01 3.365098159928999848e+03 2.346184725435000018e+03
1.275000000000000022e-01 3.244201787796000190e+03 2.319157625241999995e+03
1.325000000000000067e-01 3.045653680600999905e+03 2.051344964396999785e+03
1.375000000000000111e-01 2.916203146546999960e+03 2.008437671176000094e+03
1.424999999999999878e-01 2.712520199187999879e+03 1.866214467749000050e+03
1.474999999999999922e-01 2.520817919099999926e+03 1.715272868129000017e+03
1.524999999999999967e-01 2.435073455673999888e+03 1.750402627599999960e+03
1.575000000000000011e-01 2.236219133697999951e+03 1.542610133155000085e+03
1.625000000000000056e-01 2.113829148872000133e+03 1.434260932014999980e+03
1.675000000000000100e-01 2.001578231813999992e+03 1.338154954323000084e+03
1.724999999999999867e-01 1.899866763924999987e+03 1.288287690772999895e+03
1.774999999999999911e-01 1.821495558908000021e+03 1.270450131794000072e+03
1.824999999999999956e-01 1.762018180026999971e+03 1.153685930628000051e+03
1.875000000000000000e-01 1.692323082349000060e+03 1.103674986514000011e+03
1.925000000000000044e-01 1.650915281968000045e+03 1.088887977507999949e+03
1.975000000000000089e-01 1.567038370628999928e+03 9.978678092960999493e+02
2.025000000000000133e-01 1.514335609526000098e+03 9.870121319982999921e+02
2.074999999999999900e-01 1.450409107999000071e+03 9.504035854799000163e+02
2.124999999999999944e-01 1.390656049126999960e+03 8.921924196497999446e+02
2.174999999999999989e-01 1.299833118448000050e+03 8.280562188124999921e+02
2.225000000000000033e-01 1.264428494160999890e+03 7.991267466409000235e+02
2.275000000000000078e-01 1.211913173204000032e+03 7.691353473000000349e+02
2.325000000000000122e-01 1.158385988235000013e+03 7.339514802772999928e+02
2.374999999999999889e-01 1.116027497309999944e+03 7.199469357343000411e+02
2.424999999999999933e-01 1.080461041169000055e+03 6.792564564258999553e+02
2.474999999999999978e-01 1.036052822333999984e+03 6.347827997652000249e+02
2.525000000000000022e-01 1.005173333492999973e+03 5.847488379403999943e+02
2.575000000000000067e-01 9.791144167242999856e+02 5.707478024608000169e+02
2.625000000000000111e-01 9.365972368177999670e+02 5.505046476653000127e+02
2.675000000000000155e-01 9.153142339470000479e+02 5.361474678181000399e+02
2.725000000000000200e-01 8.780596834251000473e+02 5.041528574823000213e+02
2.775000000000000244e-01 8.507296988476999786e+02 4.901650805164999838e+02
2.824999999999999734e-01 8.185195395384999983e+02 4.741134314298000163e+02
2.874999999999999778e-01 7.918350215680000019e+02 4.490289677855000150e+02
2.924999999999999822e-01 7.687853538931999537e+02 4.244953933145999940e+02
2.974999999999999867e-01 7.406487095836999970e+02 4.170879983564000213e+02
3.024999999999999911e-01 7.229307207589999962e+02 3.882394812277000256e+02
3.074999999999999956e-01 6.939257196344999556e+02 3.728228619762999756e+02
3.125000000000000000e-01 6.768922705615000268e+02 3.497059998609000218e+02
3.175000000000000044e-01 6.572515158538999458e+02 3.548601694687000077e+02
3.225000000000000089e-01 6.403118313341000203e+02 3.319851968295000120e+02
3.275000000000000133e-01 6.271802308856999844e+02 3.200726418959999933e+02
3.325000000000000178e-01 6.052018155591000550e+02 3.059038217001000248e+02
3.375000000000000222e-01 5.952970260754000265e+02 3.158695525739000232e+02
3.425000000000000266e-01 5.723910346609000044e+02 2.812206583744999762e+02
3.474999999999999756e-01 5.580097873434000348e+02 2.769473205461000020e+02
3.524999999999999800e-01 5.417597395497000434e+02 2.635134149204999972e+02
3.574999999999999845e-01 5.258054385676999800e+02 2.478421141363000118e+02
3.624999999999999889e-01 5.143525013710000167e+02 2.456861049556000012e+02
3.674999999999999933e-01 4.952109291341000130e+02 2.322715124231000061e+02
3.724999999999999978e-01 4.852846338237999930e+02 2.229997160501999929e+02
3.775000000000000022e-01 4.728937215747999971e+02 2.143348180874999969e+02
3.825000000000000067e-01 4.599637302392999914e+02 2.014593687413999987e+02
3.875000000000000111e-01 4.496362811498000269e+02 2.029151210750999894e+02
3.925000000000000155e-01 4.400686315428000057e+02 1.942582899488000123e+02
3.975000000000000200e-01 4.257367003476999798e+02 1.816728321312000105e+02
4.025000000000000244e-01 4.131767020466999725e+02 1.779203127639000002e+02
4.074999999999999734e-01 4.094625628710999763e+02 1.692068760564999934e+02
4.124999999999999778e-01 3.980010027559000036e+02 1.548753966124000101e+02
4.174999999999999822e-01 3.879064819650999993e+02 1.543930225096000015e+02
4.224999999999999867e-01 3.828169404711999846e+02 1.489330929482999863e+02
4.274999999999999911e-01 3.695918105622000098e+02 1.407422982559999980e+02
4.324999999999999956e-01 3.619286559853999847e+02 1.363945421985999928e+02
4.375000000000000000e-01 3.548218044389000170e+02 1.287887141388000032e+02
4.425000000000000044e-01 3.432736352307999823e+02 1.286517726406000008e+02
4.475000000000000089e-01 3.382952010513000118e+02 1.214111333304999931e+02
4.525000000000000133e-01 3.324987340787999983e+02 1.142690624659999941e+02
4.575000000000000178e-01 3.223477697807999789e+02 1.091413788078999971e+02
4.625000000000000222e-01 3.159279994243000260e+02 1.065852926855999954e+02
4.675000000000000266e-01 3.094002808381000023e+02 1.036037539961999983e+02
4.724999999999999756e-01 3.018215170451999825e+02 9.615255660258000603e+01
4.774999999999999800e-01 2.976587498644000220e+02 8.921619767987999694e+01
4.824999999999999845e-01 2.895806578268999942e+02 9.373129479601000469e+01
4.874999999999999889e-01 2.824387610924999876e+02 8.477201188290999312e+01
4.924999999999999933e-01 2.768361132785000223e+02 8.221914530611999794e+01
4.974999999999999978e-01 2.720395531372000164e+02 8.051201100535999444e+01
5.024999999999999467e-01 2.659118747594000070e+02 7.528892467692999446e+01
5.074999999999999512e-01 2.593871347876000186e+02 7.042378768746999640e+01
5.124999999999999556e-01 2.551549834157000021e+02 7.092223444453999548e+01
5.174999999999999600e-01 2.493611302253999895e+02 6.280889938563999664e+01
5.224999999999999645e-01 2.473999400259999959e+02 5.631886418281000317e+01
5.274999999999999689e-01 2.398608303956000043e+02 5.818769173817000251e+01
5.324999999999999734e-01 2.367997794524999904e+02 5.863499366930000178e+01
5.374999999999999778e-01 2.299027456242000085e+02 5.533311594752999696e+01
5.424999999999999822e-01 2.279062334802000009e+02 5.131757162587000209e+01
5.474999999999999867e-01 2.234457931915000017e+02 4.965929353914000188e+01
5.524999999999999911e-01 2.184361994873999890e+02 4.433142782632999968e+01
5.574999999999999956e-01 2.152655735344000050e+02 4.550266663487000329e+01
5.625000000000000000e-01 2.110814102939999941e+02 3.877538596864000198e+01
5.675000000000000044e-01 2.075982710447999864e+02 3.842435244637000125e+01
5.725000000000000089e-01 2.032003601751999895e+02 3.724390406157999678e+01
5.775000000000000133e-01 2.003825132453999913e+02 3.424409818795000149e+01
5.825000000000000178e-01 1.957286196295999900e+02 3.239313743051999950e+01
5.875000000000000222e-01 1.941692796090999877e+02 3.097691373629999845e+01
5.925000000000000266e-01 1.888417561356000078e+02 2.893850424920000108e+01
5.975000000000000311e-01 1.848647410128999979e+02 2.595527912565000150e+01
6.025000000000000355e-01 1.817236415577999935e+02 2.338514142993999911e+01
6.075000000000000400e-01 1.786032286816999886e+02 2.351461972212999996e+01
6.125000000000000444e-01 1.774937968598999873e+02 2.396440144373000081e+01
6.175000000000000488e-01 1.734199630640999885e+02 1.953697843171000059e+01
6.225000000000000533e-01 1.696308569022999961e+02 1.884142503961000159e+01
6.274999999999999467e-01 1.684398055464999970e+02 2.100334008660999885e+01
6.324999999999999512e-01 1.650462964822999936e+02 1.504885988630999982e+01
6.374999999999999556e-01 1.606673944604000042e+02 1.845748836174000118e+01
6.424999999999999600e-01 1.600795621499999868e+02 1.711758924852000163e+01
6.474999999999999645e-01 1.576000993065999864e+02 1.275021099755000087e+01
6.524999999999999689e-01 1.538569645627999876e+02 1.123369789578000066e+01
6.574999999999999734e-01 1.533828333856999961e+02 1.212434812549999918e+01
6.624999999999999778e-01 1.495921281905000058e+02 1.133431972562000034e+01
6.674999999999999822e-01 1.473518332477000001e+02 6.733397004797000207e+00
6.724999999999999867e-01 1.457621698019000007e+02 7.361753941675999613e+00
6.774999999999999911e-01 1.431265632696000125e+02 7.346634713781000414e+00
6.824999999999999956e-01 1.398840099267000028e+02 4.977635549789000358e+00
6.875000000000000000e-01 1.397515715693999994e+02 3.325104248826999953e+00
6.925000000000000044e-01 1.358842284064000125e+02 3.296578868791999906e+00
6.975000000000000089e-01 1.354883387447999894e+02 4.486751153635999967e-01
7.025000000000000133e-01 1.321780043550000130e+02 1.155498624573999988e+00
7.075000000000000178e-01 1.300225741659000107e+02 -7.243872972739000549e-01
7.125000000000000222e-01 1.296582514266999908e+02 3.690257125205000044e+00
7.175000000000000266e-01 1.271616770674999941e+02 -1.458188123140000014e+00
7.225000000000000311e-01 1.252776161695000070e+02 6.487689347444000054e-01
7.275000000000000355e-01 1.242388015603000042e+02 -2.916475898801000000e+00
7.325000000000000400e-01 1.214766429410999962e+02 -4.943295431503999637e+00
7.375000000000000444e-01 1.185711708179999988e+02 -3.376719856177999857e-01
7.425000000000000488e-01 1.186179857799999979e+02 -3.147770776738000098e+00
7.475000000000000533e-01 1.159107993770000036e+02 -5.374888003887999588e+00
7.524999999999999467e-01 1.148246645235000045e+02 -7.680064528578999905e+00
7.574999999999999512e-01 1.136898370947999979e+02 -4.350146723231000045e+00
7.624999999999999556e-01 1.101908622353000027e+02 -6.956041056323999605e+00
7.674999999999999600e-01 1.093571235983000065e+02 -6.812805413048000247e+00
7.724999999999999645e-01 1.078267000632999952e+02 -4.479664181019000324e+00
7.774999999999999689e-01 1.071055174157000067e+02 -9.024316224754999283e+00
7.824999999999999734e-01 1.053339518516999931e+02 -9.220781183633999234e+00
7.874999999999999778e-01 1.038358169090000018e+02 -8.695406607961000844e+00
7.924999999999999822e-01 1.041353076272999942e+02 -7.232445180951000197e+00
7.974999999999999867e-01 1.011233715645000046e+02 -6.526191787576999914e+00
