2.500000000000000052e-03 1.030087206845000037e+04 2.272288688538000133e+04
7.499999999999999722e-03 1.505551317388999996e+04 1.944334750460999931e+04
1.250000000000000069e-02 1.831878916168000069e+04 1.462526331514999947e+04
1.750000000000000167e-02 1.907425487758999952e+04 1.701577213548000145e+04
2.249999999999999917e-02 1.855112088130000120e+04 1.400008631514000081e+04
2.750000000000000014e-02 1.767949963005999962e+04 1.612465781004999917e+04
3.250000000000000111e-02 1.444373737267999968e+04 1.188615221419999943e+04
3.749999999999999861e-02 1.255162732237999990e+04 9.832501220787000420e+03
4.250000000000000305e-02 1.140855471177999971e+04 8.093034687211000346e+03
4.750000000000000056e-02 1.009496228257999974e+04 7.737455958995000401e+03
5.249999999999999806e-02 9.463319736899000418e+03 6.897670904995999990e+03
5.750000000000000250e-02 8.826115185385999212e+03 7.200765317583000069e+03
6.250000000000000000e-02 8.285816162794000775e+03 6.064078309563000403e+03
6.750000000000000444e-02 7.726627970346999973e+03 5.402030831535000289e+03
7.249999999999999500e-02 7.314490693290999843e+03 5.575280282306000117e+03
7.749999999999999944e-02 6.714122814575000120e+03 5.020201183234000382e+03
8.250000000000000389e-02 5.984400319243999547e+03 4.191646337950999623e+03
8.749999999999999445e-02 5.515253848604000268e+03 4.380486929550999776e+03
9.249999999999999889e-02 4.897859049517999665e+03 3.592040279288999955e+03
9.750000000000000333e-02 4.508436263337999662e+03 3.285519730103999791e+03
1.024999999999999939e-01 4.087502101073000176e+03 2.771717960858999959e+03
1.074999999999999983e-01 3.880705984212000203e+03 2.771807078737000211e+03
1.125000000000000028e-01 3.709646201263999956e+03 2.694847904456999913e+03
1.174999999999999933e-01 3.499336515848000090e+03 2.534796557011000004e+03
1.224999999999999978e-01 3.276657281955000144e+03 2.314738938032000078e+03
1.275000000000000022e-01 3.199293607517000055e+03 2.141364444599999842e+03
1.325000000000000067e-01 3.070456094096000015e+03 2.088076715009000054e+03
1.375000000000000111e-01 2.907703158214999803e+03 2.030922807874000000e+03
1.424999999999999878e-01 2.743104028335999828e+03 1.832625007801000038e+03
1.474999999999999922e-01 2.553472656804000053e+03 1.772929902565000020e+03
1.524999999999999967e-01 2.381017325368999991e+03 1.628857538167000030e+03
1.575000000000000011e-01 2.233116386367999894e+03 1.514953091909000022e+03
1.625000000000000056e-01 2.119153976372000216e+03 1.430644537178000064e+03
1.675000000000000100e-01 1.982830249642999888e+03 1.307897777381999958e+03
1.724999999999999867e-01 1.878131725083999982e+03 1.314437461019000011e+03
1.774999999999999911e-01 1.839390866624999944e+03 1.188763177522999968e+03
1.824999999999999956e-01 1.770226855652000040e+03 1.188408322584999951e+03
1.875000000000000000e-01 1.684673588367000093e+03 1.087751954905000048e+03
1.925000000000000044e-01 1.620807441655000048e+03 1.043678003699000101e+03
1.975000000000000089e-01 1.561550971323000113e+03 9.787175195382000084e+02
2.025000000000000133e-01 1.487284908616999928e+03 9.321996183351000127e+02
2.074999999999999900e-01 1.437655868864000013e+03 9.197582138766000526e+02
2.124999999999999944e-01 1.360970802196000022e+03 8.611468170161999751e+02
2.174999999999999989e-01 1.298933653730000060e+03 8.183078638739999633e+02
2.225000000000000033e-01 1.254952979198000094e+03 8.111235974623000402e+02
2.275000000000000078e-01 1.201385190139000088e+03 7.474251164790000530e+02
2.325000000000000122e-01 1.163658381864999910e+03 7.548367081169000130e+02
2.374999999999999889e-01 1.109666021514000022e+03 7.078912533620999739e+02
2.424999999999999933e-01 1.069189502277999964e+03 6.361198781094000196e+02
2.474999999999999978e-01 1.044714330450000034e+03 6.325809363022999605e+02
2.525000000000000022e-01 1.000001822036000021e+03 6.157288406341999689e+02
2.575000000000000067e-01 9.680051205086999744e+02 5.498356181847000244e+02
2.625000000000000111e-01 9.432312978324999904e+02 5.638089598591999447e+02
2.675000000000000155e-01 9.159637844377000420e+02 5.450473566179999807e+02
2.725000000000000200e-01 8.831766712152000309e+02 5.088254795730999831e+02
2.775000000000000244e-01 8.486816826535999780e+02 4.989372863752000171e+02
2.824999999999999734e-01 8.248492195095000170e+02 4.755610814116000142e+02
2.874999999999999778e-01 7.947447057268999515e+02 4.534874334636999720e+02
2.924999999999999822e-01 7.692432272319000504e+02 4.352727954354999724e+02
2.974999999999999867e-01 7.428545641947999911e+02 4.174458474731999900e+02
3.024999999999999911e-01 7.160770151729999498e+02 3.941131761818999735e+02
3.074999999999999956e-01 6.994045548254000551e+02 3.706357684531000132e+02
3.125000000000000000e-01 6.726893202505000318e+02 3.577767874127000027e+02
3.175000000000000044e-01 6.591053638646000081e+02 3.548716206467000234e+02
3.225000000000000089e-01 6.422165894247999631e+02 3.353149653297999748e+02
3.275000000000000133e-01 6.201924486000999650e+02 3.212758666858999845e+02
3.325000000000000178e-01 6.083464795662999904e+02 2.924087417448000110e+02
3.375000000000000222e-01 5.899739258532999884e+02 2.889863472489000173e+02
3.425000000000000266e-01 5.715622249975000386e+02 2.840479476034000186e+02
3.474999999999999756e-01 5.493491470679000486e+02 2.729663502898000047e+02
3.524999999999999800e-01 5.407744256467000241e+02 2.573072612885999888e+02
3.574999999999999845e-01 5.234689605690000462e+02 2.522068571442000007e+02
3.624999999999999889e-01 5.090359515604000080e+02 2.231267191320000052e+02
3.674999999999999933e-01 4.953547637701000212e+02 2.267448869215999991e+02
3.724999999999999978e-01 4.840624087219999865e+02 2.214371124133000137e+02
3.775000000000000022e-01 4.724975427255000113e+02 2.215725724248999882e+02
3.825000000000000067e-01 4.604794364886000153e+02 2.091194881339999938e+02
3.875000000000000111e-01 4.495251313320999884e+02 1.989678115718000129e+02
3.925000000000000155e-01 4.360029073005999862e+02 1.899817871916999934e+02
3.975000000000000200e-01 4.305443169868000268e+02 1.821491007808999996e+02
4.025000000000000244e-01 4.153034237318000237e+02 1.672503578081999933e+02
4.074999999999999734e-01 4.112975162692000026e+02 1.703465702000999897e+02
4.124999999999999778e-01 3.995623703727999896e+02 1.656461424718000046e+02
4.174999999999999822e-01 3.890145832659000007e+02 1.571008552023000107e+02
4.224999999999999867e-01 3.800701117538999938e+02 1.469119809293999879e+02
4.274999999999999911e-01 3.690925521653999795e+02 1.427097310208999943e+02
4.324999999999999956e-01 3.619638124760999744e+02 1.401823599033999983e+02
4.375000000000000000e-01 3.509029718629000172e+02 1.316549754927999913e+02
4.425000000000000044e-01 3.470318814578000115e+02 1.274589075621999967e+02
4.475000000000000089e-01 3.360435802970000054e+02 1.190741972967999942e+02
4.525000000000000133e-01 3.299293213139000045e+02 1.132842296799999957e+02
4.575000000000000178e-01 3.240178473620999853e+02 1.156861959995000007e+02
4.625000000000000222e-01 3.170053379891999725e+02 1.072747840143999980e+02
4.675000000000000266e-01 3.093699255587999914e+02 1.036915337755000053e+02
4.724999999999999756e-01 3.027896915795000155e+02 9.558082667451999725e+01
4.774999999999999800e-01 2.951439349990000096e+02 9.412043132322999384e+01
4.824999999999999845e-01 2.889941628107000042e+02 8.491175283443000410e+01
4.874999999999999889e-01 2.842123401197000021e+02 8.521265544364000277e+01
4.924999999999999933e-01 2.769766987724000273e+02 8.304759098405000373e+01
4.974999999999999978e-01 2.713966231762000234e+02 8.063384688038999570e+01
5.024999999999999467e-01 2.671733515268999781e+02 7.262163982821999753e+01
5.074999999999999512e-01 2.610081283988000109e+02 7.549345905674999813e+01
5.124999999999999556e-01 2.576460971604000179e+02 7.017796744428000011e+01
5.174999999999999600e-01 2.499158598960000006e+02 6.864457820811999511e+01
5.224999999999999645e-01 2.467995741009999904e+02 6.084535110350000053e+01
5.274999999999999689e-01 2.405466339490000109e+02 5.937589212185999799e+01
5.324999999999999734e-01 2.358877165019000017e+02 5.414096040593999959e+01
5.374999999999999778e-01 2.315458918440000105e+02 5.494868917822000043e+01
5.424999999999999822e-01 2.279349747800999921e+02 4.974482609718999981e+01
5.474999999999999867e-01 2.232824250117000133e+02 4.946692929004999684e+01
5.524999999999999911e-01 2.184406746763000058e+02 4.624214337578000311e+01
5.574999999999999956e-01 2.132131037659999890e+02 4.436048836429999653e+01
5.625000000000000000e-01 2.097638831101000108e+02 4.168201436849999908e+01
5.675000000000000044e-01 2.074385112536999998e+02 3.971733728259999907e+01
5.725000000000000089e-01 2.047028795175999960e+02 3.448389401005999844e+01
5.775000000000000133e-01 1.994624788328000022e+02 3.316848517156999776e+01
5.825000000000000178e-01 1.962103068261999965e+02 3.361627037782000116e+01
5.875000000000000222e-01 1.931313557791999926e+02 3.126259012615999922e+01
5.925000000000000266e-01 1.890756591816000025e+02 3.116204283844999878e+01
5.975000000000000311e-01 1.849616779206999979e+02 2.746956761442000072e+01
6.025000000000000355e-01 1.819651139393999983e+02 2.766837215302000175e+01
6.075000000000000400e-01 1.816287657208000041e+02 2.251087934411999925e+01
6.125000000000000444e-01 1.773410197153000070e+02 2.240733632398000097e+01
6.175000000000000488e-01 1.736346044853999899e+02 2.229141699112999930e+01
6.225000000000000533e-01 1.714505591383999956e+02 1.996218114655999898e+01
6.274999999999999467e-01 1.675707934456000032e+02 1.710330881763999855e+01
6.324999999999999512e-01 1.651002182971000138e+02 1.661164202375000087e+01
6.374999999999999556e-01 1.624362146542000005e+02 1.714477645967999919e+01
6.424999999999999600e-01 1.606859622977000015e+02 1.582483008458000029e+01
6.474999999999999645e-01 1.567960450390000062e+02 1.000856385486000022e+01
6.524999999999999689e-01 1.553064561214000037e+02 9.854390898384000508e+00
6.574999999999999734e-01 1.529673373617000038e+02 1.281781234710999939e+01
6.624999999999999778e-01 1.499573523763999958e+02 7.796841216622000026e+00
6.674999999999999822e-01 1.471471592178000094e+02 7.820940491084999557e+00
6.724999999999999867e-01 1.466240226015999895e+02 7.659113019271000411e+00
6.774999999999999911e-01 1.424931791328000088e+02 4.776354038437999883e+00
6.824999999999999956e-01 1.408076960495999970e+02 5.235340217794999695e+00
6.875000000000000000e-01 1.384151656299000024e+02 4.492160611550000127e+00
6.925000000000000044e-01 1.361403719205000016e+02 3.483583301757999795e+00
6.975000000000000089e-01 1.348321911603999865e+02 6.954999068769000203e+00
7.025000000000000133e-01 1.322799020251999877e+02 2.304848012573999849e+00
7.075000000000000178e-01 1.314748347823999950e+02 2.516341328130000110e-01
7.125000000000000222e-01 1.285497420730999920e+02 -1.444859317197000059e-01
7.175000000000000266e-01 1.261932212512000007e+02 -9.647137924876999504e-01
7.225000000000000311e-01 1.245955189027999950e+02 4.237045600298999792e-01
7.275000000000000355e-01 1.227824554589000030e+02 -2.789777590941000085e+00
7.325000000000000400e-01 1.208988405298999993e+02 -5.175798571011999805e+00
7.375000000000000444e-01 1.198151974454000026e+02 -6.128780086386999670e+00
7.425000000000000488e-01 1.180774930683000008e+02 -2.926022898970999986e+00
7.475000000000000533e-01 1.166810120332999929e+02 -2.356115431154000017e+00
7.524999999999999467e-01 1.148077504948000040e+02 -5.271615578399000412e+00
7.574999999999999512e-01 1.134899504236999945e+02 -5.790446231752000017e+00
7.624999999999999556e-01 1.132560227512000068e+02 -3.488850102619999838e+00
7.674999999999999600e-01 1.103742915458000056e+02 -5.667276756624000100e+00
7.724999999999999645e-01 1.079391146720000023e+02 -7.602719200227999963e+00
7.774999999999999689e-01 1.075655938592000069e+02 -6.657355697418999796e+00
7.824999999999999734e-01 1.064094396666999955e+02 -1.115432658950000011e+01
7.874999999999999778e-01 1.050507196955000069e+02 -9.543998059124000122e+00
7.924999999999999822e-01 1.028903168735999998e+02 -7.243670102669000244e+00
7.974999999999999867e-01 1.019299768186999984e+02 -7.888488275434999863e+00
