2.500000000000000052e-03 1.992485808682000061e+04 1.010915309743000034e+04
7.499999999999999722e-03 2.002752957486000014e+04 1.525713358610000068e+04
1.250000000000000069e-02 1.832289193258000159e+04 2.174988816044999840e+04
1.750000000000000167e-02 1.919946273192000081e+04 1.420839784340000006e+04
2.249999999999999917e-02 1.810614505540000027e+04 1.700949494929000139e+04
2.750000000000000014e-02 1.644501662347000092e+04 1.248810091162999925e+04
3.250000000000000111e-02 1.539014075964000040e+04 1.360591040715000054e+04
3.749999999999999861e-02 1.240037466542000038e+04 1.000141860635999910e+04
4.250000000000000305e-02 1.122241319384000053e+04 9.377897144517999550e+03
4.750000000000000056e-02 1.017813799633000053e+04 6.534552642654000010e+03
5.249999999999999806e-02 9.343420166890999099e+03 6.748608202395999797e+03
5.750000000000000250e-02 8.762103058693999628e+03 6.184137186875999760e+03
6.250000000000000000e-02 8.256577189142999487e+03 6.136458807474000423e+03
6.750000000000000444e-02 7.802790913503999946e+03 5.547538259799000116e+03
7.249999999999999500e-02 7.235124113052000212e+03 5.131021853021999959e+03
7.749999999999999944e-02 6.585062657094999850e+03 5.000888693511000383e+03
8.250000000000000389e-02 6.023112143841999568e+03 3.966732486945999881e+03
8.749999999999999445e-02 5.570865174202000162e+03 4.187003175906999786e+03
9.249999999999999889e-02 4.901785054599000432e+03 3.393379047202000038e+03
9.750000000000000333e-02 4.517141436625999631e+03 3.264606150880999849e+03
1.024999999999999939e-01 4.225063013961999786e+03 3.176192383472000074e+03
1.074999999999999983e-01 3.964350928234000094e+03 2.947403346839999813e+03
1.125000000000000028e-01 3.683687984415999836e+03 2.710449657207000200e+03
1.174999999999999933e-01 3.500116044677999980e+03 2.408690893622000203e+03
1.224999999999999978e-01 3.326746415401999911e+03 2.361520200018000196e+03
1.275000000000000022e-01 3.184548177534999922e+03 2.157940426815000137e+03
1.325000000000000067e-01 3.071756472871999904e+03 2.149940265734000150e+03
1.375000000000000111e-01 2.920973920606999854e+03 2.051028014810000059e+03
1.424999999999999878e-01 2.704290508042000056e+03 1.853212844547000032e+03
1.474999999999999922e-01 2.552868956348000211e+03 1.749196053867000046e+03
1.524999999999999967e-01 2.376007860317999985e+03 1.584384243233999996e+03
1.575000000000000011e-01 2.245892695492999792e+03 1.517091074080999988e+03
1.625000000000000056e-01 2.097679507298999852e+03 1.479514156510000021e+03
1.675000000000000100e-01 2.006930321161999927e+03 1.348448071618000085e+03
1.724999999999999867e-01 1.905767054478000091e+03 1.280441006410000000e+03
1.774999999999999911e-01 1.842174914505000061e+03 1.195902197970000088e+03
1.824999999999999956e-01 1.775892766401000017e+03 1.182890837523000073e+03
1.875000000000000000e-01 1.695882664498999929e+03 1.100314476477999960e+03
1.925000000000000044e-01 1.636506911357000035e+03 1.022976917349000018e+03
1.975000000000000089e-01 1.564863709357000062e+03 1.022586387891999948e+03
2.025000000000000133e-01 1.513560567227000092e+03 9.796077216564000310e+02
2.074999999999999900e-01 1.434787063637000074e+03 9.435842508575999545e+02
2.124999999999999944e-01 1.353749926428999970e+03 8.100228726466000353e+02
2.174999999999999989e-01 1.300680775931999960e+03 8.157170860774000403e+02
2.225000000000000033e-01 1.243144028655000056e+03 7.956163478170999497e+02
2.275000000000000078e-01 1.213356005044000085e+03 8.088032048096999915e+02
2.325000000000000122e-01 1.164729030335000061e+03 7.273459461275999729e+02
2.374999999999999889e-01 1.107358145902999922e+03 7.078131189503000087e+02
2.424999999999999933e-01 1.073417961444999946e+03 6.525819525673999806e+02
2.474999999999999978e-01 1.033603277007000088e+03 6.259372137645000294e+02
2.525000000000000022e-01 9.984986732396999969e+02 6.114505902500000047e+02
2.575000000000000067e-01 9.851512093738999738e+02 5.921482131981000521e+02
2.625000000000000111e-01 9.441283068343999503e+02 5.659083626814999661e+02
2.675000000000000155e-01 9.100112207514999909e+02 5.404259504801000276e+02
2.725000000000000200e-01 8.686488844515999972e+02 5.062313819313999943e+02
2.775000000000000244e-01 8.428210459875000424e+02 4.971262092251000126e+02
2.824999999999999734e-01 8.185852191676999610e+02 4.859001806931000260e+02
2.874999999999999778e-01 7.934254854540999986e+02 4.560295582861999719e+02
2.924999999999999822e-01 7.618757647533000181e+02 4.241315093333000164e+02
2.974999999999999867e-01 7.403090286371999582e+02 4.029083289755999999e+02
3.024999999999999911e-01 7.221060251584999605e+02 4.115159006434000162e+02
3.074999999999999956e-01 7.002902459788999749e+02 3.737103288393000184e+02
3.125000000000000000e-01 6.705292294452000306e+02 3.643398798288000080e+02
3.175000000000000044e-01 6.610680856367999922e+02 3.577670289384000171e+02
3.225000000000000089e-01 6.428150455341999532e+02 3.432030659914000239e+02
3.275000000000000133e-01 6.231961932814000420e+02 3.138061978022000176e+02
3.325000000000000178e-01 6.060990977403999977e+02 3.024499766583999758e+02
3.375000000000000222e-01 5.837312127919000204e+02 2.953359170540999799e+02
3.425000000000000266e-01 5.693647488609999527e+02 2.803935111847000030e+02
3.474999999999999756e-01 5.546330079299000317e+02 2.799401601042000038e+02
3.524999999999999800e-01 5.381470676938999986e+02 2.663720622341999729e+02
3.574999999999999845e-01 5.262100496565000185e+02 2.501285971970999924e+02
3.624999999999999889e-01 5.135612183787000049e+02 2.498670100967999872e+02
3.674999999999999933e-01 4.989230126145999975e+02 2.291241757184999983e+02
3.724999999999999978e-01 4.862558221274999823e+02 2.317266637621999905e+02
3.775000000000000022e-01 4.722455586617999757e+02 2.096180096077999906e+02
3.825000000000000067e-01 4.636487484658999847e+02 2.126593252208000138e+02
3.875000000000000111e-01 4.498496417637999798e+02 2.038301668965999909e+02
3.925000000000000155e-01 4.368735361819000218e+02 1.917137232976999996e+02
3.975000000000000200e-01 4.283095335699999850e+02 1.798399990684999921e+02
4.025000000000000244e-01 4.190257553591000033e+02 1.699322135500999877e+02
4.074999999999999734e-01 4.081431141343999798e+02 1.601885182405999899e+02
4.124999999999999778e-01 3.983130314188999819e+02 1.610375879064000060e+02
4.174999999999999822e-01 3.896156382629999939e+02 1.496637426604000041e+02
4.224999999999999867e-01 3.766511405063999973e+02 1.444991782785000112e+02
4.274999999999999911e-01 3.707798780344999727e+02 1.404263801054999874e+02
4.324999999999999956e-01 3.587893782473000215e+02 1.368184782913000106e+02
4.375000000000000000e-01 3.533535036541999830e+02 1.284239041472999929e+02
4.425000000000000044e-01 3.449910695964999832e+02 1.246711413076999975e+02
4.475000000000000089e-01 3.361777902544999961e+02 1.231351397879000018e+02
4.525000000000000133e-01 3.293051541240000120e+02 1.182139083754999973e+02
4.575000000000000178e-01 3.237689667367999959e+02 1.063949724714999974e+02
4.625000000000000222e-01 3.161672856972999739e+02 1.102152539458000007e+02
4.675000000000000266e-01 3.066282995650000203e+02 9.533223917198000663e+01
4.724999999999999756e-01 3.040448673843000051e+02 9.767608329594999361e+01
4.774999999999999800e-01 2.951460846301999936e+02 9.607227289272999826e+01
4.824999999999999845e-01 2.888576650080000263e+02 9.268713007319999519e+01
4.874999999999999889e-01 2.831589420455999857e+02 8.171770929321999688e+01
4.924999999999999933e-01 2.771966127838999796e+02 8.199765939428999673e+01
4.974999999999999978e-01 2.698671232914999791e+02 7.731738918691000606e+01
5.024999999999999467e-01 2.654399188204999973e+02 6.705568850279999538e+01
5.074999999999999512e-01 2.621644391190999954e+02 7.463002328598000190e+01
5.124999999999999556e-01 2.579358922770999811e+02 6.960137205127000470e+01
5.174999999999999600e-01 2.510246512571999915e+02 5.922461666373000355e+01
5.224999999999999645e-01 2.459485062246999973e+02 6.124627129480000320e+01
5.274999999999999689e-01 2.401947667606000039e+02 5.700320314303999680e+01
5.324999999999999734e-01 2.338902729470999873e+02 5.929172369775000107e+01
5.374999999999999778e-01 2.306668794542999876e+02 5.011370664046999934e+01
5.424999999999999822e-01 2.275048187271000018e+02 5.346109607225999838e+01
5.474999999999999867e-01 2.220266380033999951e+02 5.089522247717999903e+01
5.524999999999999911e-01 2.203903953887000000e+02 4.974446378539000335e+01
5.574999999999999956e-01 2.145578049369999860e+02 4.745760205450999791e+01
5.625000000000000000e-01 2.112932536845000016e+02 3.878384317294000283e+01
5.675000000000000044e-01 2.061669776708000086e+02 3.959590882802000067e+01
5.725000000000000089e-01 2.042688281554999890e+02 3.517166556514000320e+01
5.775000000000000133e-01 1.998092774984000073e+02 3.194849703279999886e+01
5.825000000000000178e-01 1.956648161152999990e+02 3.422706917607000321e+01
5.875000000000000222e-01 1.923744331565000039e+02 3.088162049209000060e+01
5.925000000000000266e-01 1.885009502626000142e+02 2.768188525912999864e+01
5.975000000000000311e-01 1.855303410033999967e+02 2.839787661864999890e+01
6.025000000000000355e-01 1.824172208248999993e+02 2.356642753691999914e+01
6.075000000000000400e-01 1.788608490571999994e+02 2.465405924617000011e+01
6.125000000000000444e-01 1.777734488995000106e+02 2.683834561841999999e+01
6.175000000000000488e-01 1.745262116712000022e+02 2.172930820687999898e+01
6.225000000000000533e-01 1.701173367750000125e+02 1.902494290669000065e+01
6.274999999999999467e-01 1.677979051254999945e+02 1.862577736281999918e+01
6.324999999999999512e-01 1.652311276943999871e+02 1.814870271166000038e+01
6.374999999999999556e-01 1.623740391386999988e+02 1.499503100763000063e+01
6.424999999999999600e-01 1.607514740519999918e+02 1.566858426834999918e+01
6.474999999999999645e-01 1.583651697301000070e+02 1.305680693521999913e+01
6.524999999999999689e-01 1.533183316457999865e+02 1.085506339730000036e+01
6.574999999999999734e-01 1.511445454772999994e+02 1.292804440685999978e+01
6.624999999999999778e-01 1.496956304111000122e+02 9.432095481335000642e+00
6.674999999999999822e-01 1.468747347265999963e+02 9.704381002169000681e+00
6.724999999999999867e-01 1.456781376231000138e+02 6.338068955277999628e+00
6.774999999999999911e-01 1.431794886355000074e+02 6.179001417229000204e+00
6.824999999999999956e-01 1.411073948835999943e+02 2.821398532498000211e+00
6.875000000000000000e-01 1.398337875219000068e+02 4.092383635002000197e+00
6.925000000000000044e-01 1.367125392794000049e+02 2.060366168308000123e+00
6.975000000000000089e-01 1.343290897029000064e+02 5.090801781763000022e+00
7.025000000000000133e-01 1.328129050651999989e+02 3.566893927659999797e+00
7.075000000000000178e-01 1.299269080633999920e+02 -5.808077041879999847e-01
7.125000000000000222e-01 1.279687401407000067e+02 -8.468992556054999454e-01
7.175000000000000266e-01 1.264229809769000070e+02 5.211765233169000089e-01
7.225000000000000311e-01 1.249562721843000048e+02 -1.062026655016000021e+00
7.275000000000000355e-01 1.244792035150999965e+02 -5.619315042474999800e+00
7.325000000000000400e-01 1.214423990044000021e+02 -2.764907964067000012e+00
7.375000000000000444e-01 1.199676409232999958e+02 -1.762288793336000081e+00
7.425000000000000488e-01 1.181245595162999962e+02 -5.306924462149999577e+00
7.475000000000000533e-01 1.168847917431999974e+02 -6.024836787309999941e+00
7.524999999999999467e-01 1.149170151212999968e+02 -1.902890999927999927e+00
7.574999999999999512e-01 1.135147042451000061e+02 -3.229392760332999934e+00
7.624999999999999556e-01 1.115837506161000050e+02 -6.583385038155999958e+00
7.674999999999999600e-01 1.106126699516999992e+02 -7.206900174530000314e+00
7.724999999999999645e-01 1.079131000580999995e+02 -6.521902369025999846e+00
7.774999999999999689e-01 1.073194158163999958e+02 -7.206412427740000126e+00
7.824999999999999734e-01 1.056999454623999952e+02 -6.650677899457999587e+00
7.874999999999999778e-01 1.034092281980999957e+02 -9.687500139225999618e+00
7.924999999999999822e-01 1.022796771470000010e+02 -7.028195767829999774e+00
7.974999999999999867e-01 1.019999447272000026e+02 -8.908738281207000398e+00
