2.500000000000000052e-03 2.966179031007000049e+03 3.323361379522999869e+03
7.499999999999999722e-03 1.470628769178000039e+04 1.459092682975000025e+04
1.250000000000000069e-02 1.736468189388999963e+04 9.097450056835999931e+03
1.750000000000000167e-02 1.760232711089000077e+04 1.101150917436999953e+04
2.249999999999999917e-02 1.832154217158000029e+04 9.932236874543999875e+03
2.750000000000000014e-02 1.669576884763999988e+04 1.482009706910999921e+04
3.250000000000000111e-02 1.489145375315999991e+04 1.101692390732000058e+04
3.749999999999999861e-02 1.273650750650000009e+04 9.021881081252999138e+03
4.250000000000000305e-02 1.163793157699999938e+04 8.745785504707000655e+03
4.750000000000000056e-02 1.041459067094999955e+04 8.146568655905000014e+03
5.249999999999999806e-02 9.367934019259999332e+03 6.926608702706999793e+03
5.750000000000000250e-02 8.863744954096999209e+03 6.599421674905999680e+03
6.250000000000000000e-02 8.267012931667000885e+03 6.042305759308000233e+03
6.750000000000000444e-02 7.634652097741999569e+03 5.801956455110999741e+03
7.249999999999999500e-02 7.235298210392999863e+03 5.112803065303999574e+03
7.749999999999999944e-02 6.736297334191000118e+03 5.089337224593000428e+03
8.250000000000000389e-02 6.095393449010999575e+03 4.390138012505000006e+03
8.749999999999999445e-02 5.505932090743999652e+03 4.360463312912000220e+03
9.249999999999999889e-02 5.025454001635000168e+03 3.928456627112000206e+03
9.750000000000000333e-02 4.501640455245999874e+03 3.222642792643000121e+03
1.024999999999999939e-01 4.237497073585999715e+03 3.109870887310999933e+03
1.074999999999999983e-01 3.786843756045000191e+03 2.558584906423000120e+03
1.125000000000000028e-01 3.621399425547000192e+03 2.608243257146999895e+03
1.174999999999999933e-01 3.531459711340000013e+03 2.530395136928999818e+03
1.224999999999999978e-01 3.310183325629000137e+03 2.211326453900000161e+03
1.275000000000000022e-01 3.210693455212000117e+03 2.292730956687999878e+03
1.325000000000000067e-01 3.119006766859999971e+03 2.043610667530999990e+03
1.375000000000000111e-01 2.875581502450999778e+03 1.990010291896999888e+03
1.424999999999999878e-01 2.721695152965000034e+03 1.767483592540000018e+03
1.474999999999999922e-01 2.560160136666000199e+03 1.717675918312000022e+03
1.524999999999999967e-01 2.391889472781000222e+03 1.728012460248000025e+03
1.575000000000000011e-01 2.228823976441000013e+03 1.506605340316999900e+03
1.625000000000000056e-01 2.099822524705999967e+03 1.403482625028000029e+03
1.675000000000000100e-01 1.984071074237999937e+03 1.346497975775999976e+03
1.724999999999999867e-01 1.891046302352000112e+03 1.321058849901000031e+03
1.774999999999999911e-01 1.834347784635999915e+03 1.253476081457999953e+03
1.824999999999999956e-01 1.763120976417000065e+03 1.171038450057000091e+03
1.875000000000000000e-01 1.690903215338000109e+03 1.142920582636000063e+03
1.925000000000000044e-01 1.640320063939999955e+03 1.030015744155999982e+03
1.975000000000000089e-01 1.564178832808999914e+03 1.031343071365000014e+03
2.025000000000000133e-01 1.508881050032000076e+03 9.733283996994999825e+02
2.074999999999999900e-01 1.440301040853999893e+03 8.947154291327000237e+02
2.124999999999999944e-01 1.370855045091999955e+03 8.791223994595000022e+02
2.174999999999999989e-01 1.310477775501999986e+03 8.354061861018999480e+02
2.225000000000000033e-01 1.252954212098999960e+03 8.077731152991999579e+02
2.275000000000000078e-01 1.207619193224999890e+03 7.729563830754999572e+02
2.325000000000000122e-01 1.149253174675000082e+03 7.368250437479000539e+02
2.374999999999999889e-01 1.110166551977999916e+03 6.689029681360000268e+02
2.424999999999999933e-01 1.068276063847999922e+03 6.392032496998999704e+02
2.474999999999999978e-01 1.037669663590000027e+03 6.544529141673000368e+02
2.525000000000000022e-01 9.970489280171000246e+02 5.659473501653000085e+02
2.575000000000000067e-01 9.660778061452000429e+02 5.847925206398999762e+02
2.625000000000000111e-01 9.452829130810999914e+02 5.660898113749999538e+02
2.675000000000000155e-01 9.148880717214000242e+02 5.241680144293000012e+02
2.725000000000000200e-01 8.711744886868000322e+02 5.020518548097999769e+02
2.775000000000000244e-01 8.472976824718000444e+02 4.911447643197000161e+02
2.824999999999999734e-01 8.209440153716000168e+02 4.655066568917999916e+02
2.874999999999999778e-01 7.954483667984000022e+02 4.510789871683999763e+02
2.924999999999999822e-01 7.632750825619000352e+02 4.113611075172000255e+02
2.974999999999999867e-01 7.414328268647999494e+02 4.030646387827000012e+02
3.024999999999999911e-01 7.256307821036000405e+02 4.110608975279999981e+02
3.074999999999999956e-01 6.977944751213999552e+02 3.808250105934999965e+02
3.125000000000000000e-01 6.800497064715999613e+02 3.594631136434999803e+02
3.175000000000000044e-01 6.562446075806999488e+02 3.585242533867000247e+02
3.225000000000000089e-01 6.347715244065999514e+02 3.321892128035000269e+02
3.275000000000000133e-01 6.261610632524000266e+02 3.287499856631000057e+02
3.325000000000000178e-01 6.078103121942999678e+02 3.113043307335000236e+02
3.375000000000000222e-01 5.839794992646000082e+02 2.941658722702999853e+02
3.425000000000000266e-01 5.727375616097000375e+02 2.837468820747000109e+02
3.474999999999999756e-01 5.559434732887999644e+02 2.787458790401000215e+02
3.524999999999999800e-01 5.416831137231999946e+02 2.653159243420000166e+02
3.574999999999999845e-01 5.262993549010000152e+02 2.557902973186999986e+02
3.624999999999999889e-01 5.092563471566999738e+02 2.352765105809000090e+02
3.674999999999999933e-01 4.995344621149999966e+02 2.332428709625000067e+02
3.724999999999999978e-01 4.883905019161999803e+02 2.207780552371000056e+02
3.775000000000000022e-01 4.714119047199000079e+02 2.147640465512000105e+02
3.825000000000000067e-01 4.616248602786999982e+02 2.034118158247999872e+02
3.875000000000000111e-01 4.517766739854999969e+02 1.978123794818999954e+02
3.925000000000000155e-01 4.356769748068999775e+02 1.899553835170999889e+02
3.975000000000000200e-01 4.252713735967000162e+02 1.846680639690999897e+02
4.025000000000000244e-01 4.130085439978000181e+02 1.723943579506999981e+02
4.074999999999999734e-01 4.100041416066000011e+02 1.642040494229999865e+02
4.124999999999999778e-01 3.956937702876999765e+02 1.553317271301999938e+02
4.174999999999999822e-01 3.893424198010000055e+02 1.569447951930999920e+02
4.224999999999999867e-01 3.784032780297000045e+02 1.404952131398999882e+02
4.274999999999999911e-01 3.709074159451000128e+02 1.520915737665000051e+02
4.324999999999999956e-01 3.627083293059000084e+02 1.316281787362999864e+02
4.375000000000000000e-01 3.538196222886999749e+02 1.375607133594999993e+02
4.425000000000000044e-01 3.427449389526000232e+02 1.206895213152999986e+02
4.475000000000000089e-01 3.365778475550000053e+02 1.123178470870000041e+02
4.525000000000000133e-01 3.302122600532999854e+02 1.141022511866000002e+02
4.575000000000000178e-01 3.260167621086000054e+02 1.062848333188999987e+02
4.625000000000000222e-01 3.147335429898000143e+02 1.019477086149999963e+02
4.675000000000000266e-01 3.093975601238000195e+02 1.038589957795999936e+02
4.724999999999999756e-01 3.052554128363000245e+02 9.480181475994000095e+01
4.774999999999999800e-01 2.981256046295000033e+02 9.581167250964999482e+01
4.824999999999999845e-01 2.926082468013000266e+02 8.787520391027000244e+01
4.874999999999999889e-01 2.834235333753999839e+02 8.889242442942000366e+01
4.924999999999999933e-01 2.787543337228000269e+02 8.382001999634999834e+01
4.974999999999999978e-01 2.723946891641999741e+02 7.468128898935999871e+01
5.024999999999999467e-01 2.671902394173999937e+02 6.973253203484000551e+01
5.074999999999999512e-01 2.599307428846000221e+02 6.618416579194000349e+01
5.124999999999999556e-01 2.558382547781999961e+02 6.204983417586999650e+01
5.174999999999999600e-01 2.515083601398999917e+02 6.366012613918999818e+01
5.224999999999999645e-01 2.459653936516000101e+02 6.490387041642000554e+01
5.274999999999999689e-01 2.412481142293999881e+02 6.144746006276000116e+01
5.324999999999999734e-01 2.357782449954999890e+02 5.492545869943000270e+01
5.374999999999999778e-01 2.312843386298999917e+02 5.058642093446000132e+01
5.424999999999999822e-01 2.278839438470999994e+02 4.869717114467000130e+01
5.474999999999999867e-01 2.232178828215000124e+02 4.280084558283999741e+01
5.524999999999999911e-01 2.189443428858000118e+02 4.522448181533999900e+01
5.574999999999999956e-01 2.153244884911999861e+02 4.079687243189000156e+01
5.625000000000000000e-01 2.106588799202999951e+02 4.269654174232000088e+01
5.675000000000000044e-01 2.070722315838999918e+02 3.467298369523000190e+01
5.725000000000000089e-01 2.015213721656000132e+02 3.508979900204000302e+01
5.775000000000000133e-01 2.009897069554000097e+02 3.815522423641999694e+01
5.825000000000000178e-01 1.968868482530000108e+02 3.174339809178999872e+01
5.875000000000000222e-01 1.949712175887000001e+02 3.185395882855999972e+01
5.925000000000000266e-01 1.900005986001999929e+02 2.901347155779000175e+01
5.975000000000000311e-01 1.867241355664999958e+02 2.972756168287000023e+01
6.025000000000000355e-01 1.821599146140000016e+02 2.834258495618999873e+01
6.075000000000000400e-01 1.790102330356999971e+02 2.642744239353000069e+01
6.125000000000000444e-01 1.765360192084999937e+02 2.113196538061000140e+01
6.175000000000000488e-01 1.726786150018999990e+02 2.249962448714000018e+01
6.225000000000000533e-01 1.716695594909000135e+02 1.815939879313999938e+01
6.274999999999999467e-01 1.677410192149999943e+02 1.836181019002000170e+01
6.324999999999999512e-01 1.638393221434000111e+02 1.518280139566999942e+01
6.374999999999999556e-01 1.625578311197999994e+02 1.444865448290999943e+01
6.424999999999999600e-01 1.596336372700000084e+02 1.694243730264999925e+01
6.474999999999999645e-01 1.570449204624000004e+02 1.160406423915999952e+01
6.524999999999999689e-01 1.549017288672999939e+02 1.266807800640999915e+01
6.574999999999999734e-01 1.524874054493000131e+02 1.152413316454999936e+01
6.624999999999999778e-01 1.510397766538999917e+02 7.885663017120999818e+00
6.674999999999999822e-01 1.463431402353000124e+02 5.453099782826999586e+00
6.724999999999999867e-01 1.452650967833999971e+02 7.711266409223999752e+00
6.774999999999999911e-01 1.437286896722000051e+02 6.282428590151000414e+00
6.824999999999999956e-01 1.415905969330999881e+02 3.259533595258000016e+00
6.875000000000000000e-01 1.382678193248000014e+02 5.608911900703000164e+00
6.925000000000000044e-01 1.371966858520999892e+02 3.493292054527000090e+00
6.975000000000000089e-01 1.348820532201999924e+02 1.067509992176999933e+00
7.025000000000000133e-01 1.328738891263000141e+02 4.183751700052999567e+00
7.075000000000000178e-01 1.303621683721999887e+02 3.967856089885999915e-01
7.125000000000000222e-01 1.281276107996000064e+02 2.543890249958999927e+00
7.175000000000000266e-01 1.284694477920999987e+02 -2.964896357938999749e-01
7.225000000000000311e-01 1.237114186622000034e+02 -2.509448950248000187e+00
7.275000000000000355e-01 1.224909449496000065e+02 -2.829884989918999949e+00
7.325000000000000400e-01 1.214872862377000047e+02 -3.859457126800999838e+00
7.375000000000000444e-01 1.202300686851999956e+02 -3.504401050735999945e+00
7.425000000000000488e-01 1.178039340655000018e+02 -4.942458058122999986e+00
7.475000000000000533e-01 1.166638661119000062e+02 -3.641234303396000183e+00
7.524999999999999467e-01 1.134255133274999991e+02 -2.894575267052000189e+00
7.574999999999999512e-01 1.135126941999999985e+02 -5.168224761448000137e+00
7.624999999999999556e-01 1.118905137563999972e+02 -6.398362552849000018e+00
7.674999999999999600e-01 1.098481147443999930e+02 -1.002485020938000027e+01
7.724999999999999645e-01 1.087369769878999932e+02 -6.833349898310999926e+00
7.774999999999999689e-01 1.067418048279999994e+02 -7.780885325320999968e+00
7.824999999999999734e-01 1.060361108768999969e+02 -7.169243825428000427e+00
7.874999999999999778e-01 1.049049007875999990e+02 -1.015737346899000038e+01
7.924999999999999822e-01 1.024172447860999995e+02 -9.298699901281999303e+00
7.974999999999999867e-01 1.020098200501000036e+02 -9.900740879947999673e+00
