2.500000000000000052e-03 1.225908733227999983e+04 5.897219860262000111e+03
7.499999999999999722e-03 1.813637084350000077e+04 1.831374338423999870e+04
1.250000000000000069e-02 1.779700328749999971e+04 9.683329711516000316e+03
1.750000000000000167e-02 1.947844062358000156e+04 1.409285302559999946e+04
2.249999999999999917e-02 1.854734035116000086e+04 1.214225183230999937e+04
2.750000000000000014e-02 1.601757918364000034e+04 1.245018550735999997e+04
3.250000000000000111e-02 1.508017216847000054e+04 1.157077997721999964e+04
3.749999999999999861e-02 1.279761843760000011e+04 1.039625243428999966e+04
4.250000000000000305e-02 1.096691998577999948e+04 8.114967098213999634e+03
4.750000000000000056e-02 1.043515561895999963e+04 7.705752053737000097e+03
5.249999999999999806e-02 9.396712050095000450e+03 7.090694935868000357e+03
5.750000000000000250e-02 8.993067969674999404e+03 7.326207016223999744e+03
6.250000000000000000e-02 8.188445538189999752e+03 6.269368852456999775e+03
6.750000000000000444e-02 7.812224211048000143e+03 5.796900615857000048e+03
7.249999999999999500e-02 7.262493286877999708e+03 5.695735904459000267e+03
7.749999999999999944e-02 6.666399334513000213e+03 4.804839900164999563e+03
8.250000000000000389e-02 6.137220818351999696e+03 4.523815982842999802e+03
8.749999999999999445e-02 5.515796717741999601e+03 4.087376996240000153e+03
9.249999999999999889e-02 4.926405414142000154e+03 3.430662824197000191e+03
9.750000000000000333e-02 4.537630617570999675e+03 3.298558578874999967e+03
1.024999999999999939e-01 4.106975476474000061e+03 3.005466660391000005e+03
1.074999999999999983e-01 3.884522393488000034e+03 2.749208320930999889e+03
1.125000000000000028e-01 3.677957600123999782e+03 2.726352370220000012e+03
1.174999999999999933e-01 3.464852550849000181e+03 2.538718260855000153e+03
1.224999999999999978e-01 3.370854521820000173e+03 2.520082419619000120e+03
1.275000000000000022e-01 3.174362508627999887e+03 2.174315952283000115e+03
1.325000000000000067e-01 3.067313412614999834e+03 2.085168071826999949e+03
1.375000000000000111e-01 2.915176745999000104e+03 2.072385178962999817e+03
1.424999999999999878e-01 2.720862860620999982e+03 1.940056617472999960e+03
1.474999999999999922e-01 2.553738501901999825e+03 1.773771161957999993e+03
1.524999999999999967e-01 2.406588847316999818e+03 1.755975775385999896e+03
1.575000000000000011e-01 2.256751912539999921e+03 1.604958044568000105e+03
1.625000000000000056e-01 2.098558833371000219e+03 1.428559286905999897e+03
1.675000000000000100e-01 1.991135807323000108e+03 1.407331868513000018e+03
1.724999999999999867e-01 1.922790628503000107e+03 1.354462628478999932e+03
1.774999999999999911e-01 1.835044189254999992e+03 1.231490329363999990e+03
1.824999999999999956e-01 1.746424684157999991e+03 1.164700207522000028e+03
1.875000000000000000e-01 1.695269935708000048e+03 1.141319219145000034e+03
1.925000000000000044e-01 1.627586901908000073e+03 1.069723438663000024e+03
1.975000000000000089e-01 1.561607188825000094e+03 9.646040944436999780e+02
2.025000000000000133e-01 1.488477930202999914e+03 9.467985284774999855e+02
2.074999999999999900e-01 1.431729561949000072e+03 8.885105366742000115e+02
2.124999999999999944e-01 1.385256108130000030e+03 9.289384695167999553e+02
2.174999999999999989e-01 1.312035919515999922e+03 8.632491803274000404e+02
2.225000000000000033e-01 1.256770750319999934e+03 8.135378425069000059e+02
2.275000000000000078e-01 1.199733280628000102e+03 7.618990904265000381e+02
2.325000000000000122e-01 1.158756334616999993e+03 7.275187144113999693e+02
2.374999999999999889e-01 1.108955222479999975e+03 6.750231622947000005e+02
2.424999999999999933e-01 1.084101704381999980e+03 6.677472467615000369e+02
2.474999999999999978e-01 1.032104058534999922e+03 6.050970224843000551e+02
2.525000000000000022e-01 1.006107109272000002e+03 5.920470813885999632e+02
2.575000000000000067e-01 9.717773392036000359e+02 5.727164779856999530e+02
2.625000000000000111e-01 9.358963484327999822e+02 5.654166726163000476e+02
2.675000000000000155e-01 9.053651213288000008e+02 5.300079577773000210e+02
2.725000000000000200e-01 8.759619571990000395e+02 4.932263881037999909e+02
2.775000000000000244e-01 8.519845111015999919e+02 4.809955346377000183e+02
2.824999999999999734e-01 8.239308696657999462e+02 4.698707276552000280e+02
2.874999999999999778e-01 7.931271562125000401e+02 4.455304802129999757e+02
2.924999999999999822e-01 7.675494647896999822e+02 4.363052712406000069e+02
2.974999999999999867e-01 7.425119627668999556e+02 4.209250690886000257e+02
3.024999999999999911e-01 7.144108356025000148e+02 4.054325870171999782e+02
3.074999999999999956e-01 7.030847180660999811e+02 3.884176641659000211e+02
3.125000000000000000e-01 6.772998646918999839e+02 3.677284524456999861e+02
3.175000000000000044e-01 6.619857185101000141e+02 3.468793410833999928e+02
3.225000000000000089e-01 6.409806552561000217e+02 3.270611927379999884e+02
3.275000000000000133e-01 6.197998403468000106e+02 3.094240769022999871e+02
3.325000000000000178e-01 6.036323015875999545e+02 2.935063732250999919e+02
3.375000000000000222e-01 5.824329672643000322e+02 2.987936204470000234e+02
3.425000000000000266e-01 5.671931433265000351e+02 2.945678912655999966e+02
3.474999999999999756e-01 5.548908869284000502e+02 2.767742184259000169e+02
3.524999999999999800e-01 5.400607799412000531e+02 2.522795045130999938e+02
3.574999999999999845e-01 5.188072659005000560e+02 2.489863779270000066e+02
3.624999999999999889e-01 5.101060584908000237e+02 2.390000142042999869e+02
3.674999999999999933e-01 4.998688554395999972e+02 2.361506056531000013e+02
3.724999999999999978e-01 4.849680174831000272e+02 2.222728159739999967e+02
3.775000000000000022e-01 4.700236074631999941e+02 2.245513383180999938e+02
3.825000000000000067e-01 4.605184062559999916e+02 2.055621967982000058e+02
3.875000000000000111e-01 4.515086581080000201e+02 1.961857753202999959e+02
3.925000000000000155e-01 4.427807195880999984e+02 1.915401774302999911e+02
3.975000000000000200e-01 4.285313549511000133e+02 1.808889167806999865e+02
4.025000000000000244e-01 4.149932526589000190e+02 1.665220943909999960e+02
4.074999999999999734e-01 4.062969685288999813e+02 1.702138794283999914e+02
4.124999999999999778e-01 3.970097868746000245e+02 1.641117898146000016e+02
4.174999999999999822e-01 3.893506605512999954e+02 1.527310650924000015e+02
4.224999999999999867e-01 3.786325125643999741e+02 1.458964601136999875e+02
4.274999999999999911e-01 3.712952786874000140e+02 1.459070045448000030e+02
4.324999999999999956e-01 3.628248108698999772e+02 1.323757059916999879e+02
4.375000000000000000e-01 3.532550918961999855e+02 1.294675130930000080e+02
4.425000000000000044e-01 3.451044050908000145e+02 1.200508578288000052e+02
4.475000000000000089e-01 3.402477623456999822e+02 1.244416269948000036e+02
4.525000000000000133e-01 3.306023710736999988e+02 1.158153176411999965e+02
4.575000000000000178e-01 3.215535230331000207e+02 1.173001862706999958e+02
4.625000000000000222e-01 3.141766602285999852e+02 1.063544115397999974e+02
4.675000000000000266e-01 3.076877588007000099e+02 9.938699711607000609e+01
4.724999999999999756e-01 3.037793436982000230e+02 9.436699382080000476e+01
4.774999999999999800e-01 2.967484853707999832e+02 9.168827589977000514e+01
4.824999999999999845e-01 2.898381512495000152e+02 8.856378386215000376e+01
4.874999999999999889e-01 2.848538154152000175e+02 8.191757736850999549e+01
4.924999999999999933e-01 2.762639897028000178e+02 8.299481342142000528e+01
4.974999999999999978e-01 2.701621807202000127e+02 7.440054462077000608e+01
5.024999999999999467e-01 2.656406727222999962e+02 7.057828350622000357e+01
5.074999999999999512e-01 2.614807949372000166e+02 7.123915445107999744e+01
5.124999999999999556e-01 2.560571763992999763e+02 7.206518969911999761e+01
5.174999999999999600e-01 2.503140302232000067e+02 6.108685125937999771e+01
5.224999999999999645e-01 2.455823135880000052e+02 6.124065944667000139e+01
5.274999999999999689e-01 2.398730717642999934e+02 5.010888269648000204e+01
5.324999999999999734e-01 2.387404153823999877e+02 5.770201231814999687e+01
5.374999999999999778e-01 2.326195939959999919e+02 5.187535275727999817e+01
5.424999999999999822e-01 2.280592976265999994e+02 5.180264241305999917e+01
5.474999999999999867e-01 2.234711934684999903e+02 4.716536404864999810e+01
5.524999999999999911e-01 2.200651397032999910e+02 4.483652552774000100e+01
5.574999999999999956e-01 2.165847018418999994e+02 4.653045901101000226e+01
5.625000000000000000e-01 2.090923384863000081e+02 4.269472378780999833e+01
5.675000000000000044e-01 2.071921559335999916e+02 4.037042253429000027e+01
5.725000000000000089e-01 2.034444865494000112e+02 3.524701501426999783e+01
5.775000000000000133e-01 2.016532547234999981e+02 3.303234216588000294e+01
5.825000000000000178e-01 1.963229659565000134e+02 2.996084737450999924e+01
5.875000000000000222e-01 1.934504714361000026e+02 3.381330078541999740e+01
5.925000000000000266e-01 1.890544077097999889e+02 2.939920667787999875e+01
5.975000000000000311e-01 1.858920470710999950e+02 2.982343707002999977e+01
6.025000000000000355e-01 1.840045735068999875e+02 2.266621212632999871e+01
6.075000000000000400e-01 1.788591157209000073e+02 2.524078677993999875e+01
6.125000000000000444e-01 1.755352110171999982e+02 2.253742947206000125e+01
6.175000000000000488e-01 1.728235840687999882e+02 2.077355757460999897e+01
6.225000000000000533e-01 1.691070238769000014e+02 2.021965228403000125e+01
6.274999999999999467e-01 1.683531027445999939e+02 1.699252552045999920e+01
6.324999999999999512e-01 1.649919961479999984e+02 1.482138308889999934e+01
6.374999999999999556e-01 1.625254887616000019e+02 1.386698540699000048e+01
6.424999999999999600e-01 1.583530982540999901e+02 1.606105905304999837e+01
6.474999999999999645e-01 1.560410491648999880e+02 1.381008871222000067e+01
6.524999999999999689e-01 1.550504267814999935e+02 1.043598665797999914e+01
6.574999999999999734e-01 1.515840600438000081e+02 8.734468697212999899e+00
6.624999999999999778e-01 1.488990718549000007e+02 1.180995102588000023e+01
6.674999999999999822e-01 1.460107489442000031e+02 6.167570694497999995e+00
6.724999999999999867e-01 1.440417971589999979e+02 1.024869502221000062e+01
6.774999999999999911e-01 1.421810882952999862e+02 7.654077578193000164e+00
6.824999999999999956e-01 1.412942547211000033e+02 8.337110790370999780e+00
6.875000000000000000e-01 1.385045446594999987e+02 3.112356397940999830e+00
6.925000000000000044e-01 1.371672705947999873e+02 3.879217558075000127e+00
6.975000000000000089e-01 1.354218356305999862e+02 3.945009832446999987e+00
7.025000000000000133e-01 1.323559427613000139e+02 2.410193930225000170e+00
7.075000000000000178e-01 1.293743508665000093e+02 2.653957614922000108e+00
7.125000000000000222e-01 1.284687554651999903e+02 7.134795181362999505e-01
7.175000000000000266e-01 1.270277357127999949e+02 -1.900823874565999994e+00
7.225000000000000311e-01 1.246612325194000022e+02 -1.515818535238999898e+00
7.275000000000000355e-01 1.230950660905999996e+02 -2.419566905572000159e+00
7.325000000000000400e-01 1.211492237818000035e+02 -1.156087967059000077e+00
7.375000000000000444e-01 1.190205917991000035e+02 -3.027129937379000157e+00
7.425000000000000488e-01 1.166373828927000034e+02 -6.197841930826000212e-01
7.475000000000000533e-01 1.161973204324000051e+02 -3.852020626723000163e+00
7.524999999999999467e-01 1.146349305187000027e+02 -4.151397828564999948e+00
7.574999999999999512e-01 1.126889835720999997e+02 -8.432002891077999607e+00
7.624999999999999556e-01 1.114447940909000039e+02 -6.046997730335999854e+00
7.674999999999999600e-01 1.100571715080999979e+02 -6.722154194105000258e+00
7.724999999999999645e-01 1.088249963551999997e+02 -7.995089562989999621e+00
7.774999999999999689e-01 1.063478238227999952e+02 -7.199002747187999596e+00
7.824999999999999734e-01 1.060567071883999972e+02 -7.992609149661999979e+00
7.874999999999999778e-01 1.053034777327000029e+02 -6.519727187022000159e+00
7.924999999999999822e-01 1.032832975456999947e+02 -8.726054076659000458e+00
7.974999999999999867e-01 1.014803539119999982e+02 -1.027614724006999936e+01
