2.500000000000000052e-03 9.946648126202000640e+03 2.279255540376999852e+04
7.499999999999999722e-03 1.782200003107999873e+04 1.263077261537999948e+04
1.250000000000000069e-02 2.247867841588000010e+04 2.165820473154999854e+04
1.750000000000000167e-02 2.094569353566000063e+04 1.732086802737999824e+04
2.249999999999999917e-02 1.832126860253999985e+04 1.416552116989999922e+04
2.750000000000000014e-02 1.712837817988000097e+04 1.256403110204999939e+04
3.250000000000000111e-02 1.469147118168999987e+04 1.400531850370999928e+04
3.749999999999999861e-02 1.292528318150999985e+04 1.098867734347000078e+04
4.250000000000000305e-02 1.128441152605999923e+04 8.700473005231999196e+03
4.750000000000000056e-02 1.000805657724000048e+04 6.152789242998000191e+03
5.249999999999999806e-02 9.307595780122999713e+03 6.819868483090999689e+03
5.750000000000000250e-02 8.823812230616000306e+03 6.462211017560000073e+03
6.250000000000000000e-02 8.399473293446999378e+03 6.059082958662999772e+03
6.750000000000000444e-02 7.694763064943000245e+03 5.745201516557999639e+03
7.249999999999999500e-02 7.066589173598999878e+03 5.418160960551999779e+03
7.749999999999999944e-02 6.626566610812000363e+03 4.713841033683000205e+03
8.250000000000000389e-02 6.109820318377000149e+03 4.221931320255999708e+03
8.749999999999999445e-02 5.549506275624999944e+03 4.038246590964000006e+03
9.249999999999999889e-02 4.985096205595999891e+03 3.426139669351000066e+03
9.750000000000000333e-02 4.507817040351000287e+03 3.262440145234999818e+03
1.024999999999999939e-01 4.170593983951000155e+03 3.088474232192999807e+03
1.074999999999999983e-01 3.871338517920999948e+03 2.719206720806999783e+03
1.125000000000000028e-01 3.714053749964999952e+03 2.728652081748999990e+03
1.174999999999999933e-01 3.521320930926000074e+03 2.536952780513000107e+03
1.224999999999999978e-01 3.337039710335000109e+03 2.311323005493999972e+03
1.275000000000000022e-01 3.253632787512000050e+03 2.214563114876999862e+03
1.325000000000000067e-01 3.106921340850999968e+03 2.196276439012000083e+03
1.375000000000000111e-01 2.936216685733999839e+03 2.135594744088999960e+03
1.424999999999999878e-01 2.735525298681000095e+03 1.857396733494000046e+03
1.474999999999999922e-01 2.559312617917999887e+03 1.750439216909999914e+03
1.524999999999999967e-01 2.345540233186000023e+03 1.618895743511000092e+03
1.575000000000000011e-01 2.216749918703999811e+03 1.448865481863000014e+03
1.625000000000000056e-01 2.116668606246999843e+03 1.500755159915999911e+03
1.675000000000000100e-01 2.015368254037000042e+03 1.364087524606999978e+03
1.724999999999999867e-01 1.887307827036999925e+03 1.280964943280999933e+03
1.774999999999999911e-01 1.811469503673999952e+03 1.193139447684000061e+03
1.824999999999999956e-01 1.746711404946999892e+03 1.122316107568999996e+03
1.875000000000000000e-01 1.702384127102000093e+03 1.109560950395999953e+03
1.925000000000000044e-01 1.645025464076999924e+03 1.090762868775000015e+03
1.975000000000000089e-01 1.582908920444999922e+03 1.053281126324000070e+03
2.025000000000000133e-01 1.518823515269999916e+03 9.710483776628999522e+02
2.074999999999999900e-01 1.430018410484000015e+03 9.324224115096000105e+02
2.124999999999999944e-01 1.379540446344999964e+03 9.061234253751999859e+02
2.174999999999999989e-01 1.303881662716999926e+03 7.991338882528000340e+02
2.225000000000000033e-01 1.249664956078999921e+03 7.967981928975000301e+02
2.275000000000000078e-01 1.204324143844999981e+03 7.267762292882999873e+02
2.325000000000000122e-01 1.162644658767000010e+03 7.386407218951000004e+02
2.374999999999999889e-01 1.113656049823000103e+03 6.930053837955999825e+02
2.424999999999999933e-01 1.087038329360000034e+03 6.584308971619999511e+02
2.474999999999999978e-01 1.047225846590999936e+03 6.218629175859999805e+02
2.525000000000000022e-01 1.004421471360000055e+03 5.966815934602999505e+02
2.575000000000000067e-01 9.762347967183000037e+02 5.613865374087999953e+02
2.625000000000000111e-01 9.398086580949000108e+02 5.546930221518999815e+02
2.675000000000000155e-01 9.062563928293000117e+02 5.252829585376000523e+02
2.725000000000000200e-01 8.807784012593000398e+02 5.167985340220000126e+02
2.775000000000000244e-01 8.473488520683999923e+02 4.689704037100000278e+02
2.824999999999999734e-01 8.151710492030000523e+02 4.399748485101000028e+02
2.874999999999999778e-01 7.963167340251000041e+02 4.503525499588999992e+02
2.924999999999999822e-01 7.617458306319999792e+02 4.116159828382999990e+02
2.974999999999999867e-01 7.468862392280000222e+02 4.119753947904999904e+02
3.024999999999999911e-01 7.198266507401999661e+02 3.914651560144999962e+02
3.074999999999999956e-01 6.961409600778999902e+02 3.852497164407000128e+02
3.125000000000000000e-01 6.824845350187999884e+02 3.542230566912999734e+02
3.175000000000000044e-01 6.615312180439000258e+02 3.533991595865999784e+02
3.225000000000000089e-01 6.356802206495000291e+02 3.291806164642999875e+02
3.275000000000000133e-01 6.217752301097000327e+02 3.137024342570999806e+02
3.325000000000000178e-01 6.050771644047999871e+02 3.111898219999000048e+02
3.375000000000000222e-01 5.888694675020000204e+02 2.911291502661999857e+02
3.425000000000000266e-01 5.744039043822000394e+02 2.805020078183999885e+02
3.474999999999999756e-01 5.561956082177000553e+02 2.748460885325000049e+02
3.524999999999999800e-01 5.420693066899000314e+02 2.700940951019999829e+02
3.574999999999999845e-01 5.215346962487000155e+02 2.453490203153999971e+02
3.624999999999999889e-01 5.130995960719000095e+02 2.418389042336999921e+02
3.674999999999999933e-01 4.979046134528999801e+02 2.261160252676000084e+02
3.724999999999999978e-01 4.872981959708000090e+02 2.210334919123999953e+02
3.775000000000000022e-01 4.716778199147000237e+02 2.094681439178999938e+02
3.825000000000000067e-01 4.643417235608999931e+02 2.076789475333000041e+02
3.875000000000000111e-01 4.496738447668000163e+02 1.864641307505999919e+02
3.925000000000000155e-01 4.348628931897000029e+02 1.884047058063999884e+02
3.975000000000000200e-01 4.291910859976999859e+02 1.812854671867999912e+02
4.025000000000000244e-01 4.186878520442999729e+02 1.693252824667000027e+02
4.074999999999999734e-01 4.045471313778999729e+02 1.764802906371000120e+02
4.124999999999999778e-01 3.973450043188000222e+02 1.570901894971999866e+02
4.174999999999999822e-01 3.885699776229000122e+02 1.508058523814999887e+02
4.224999999999999867e-01 3.770630374006000238e+02 1.502450510143000031e+02
4.274999999999999911e-01 3.695987752070000170e+02 1.417591687288000060e+02
4.324999999999999956e-01 3.615703466864999882e+02 1.417989981700999920e+02
4.375000000000000000e-01 3.517054040200000031e+02 1.383792509017999919e+02
4.425000000000000044e-01 3.449741005275000134e+02 1.287147777630999883e+02
4.475000000000000089e-01 3.344951249484000186e+02 1.177385562734999951e+02
4.525000000000000133e-01 3.309027355672999988e+02 1.129663609796999992e+02
4.575000000000000178e-01 3.223169800068999962e+02 1.088629361630000005e+02
4.625000000000000222e-01 3.151401182979000168e+02 1.067813028067999994e+02
4.675000000000000266e-01 3.080914327049000008e+02 9.597619513832999871e+01
4.724999999999999756e-01 3.051721016289000090e+02 9.818308983818999991e+01
4.774999999999999800e-01 2.965226339327999767e+02 9.522465990925999790e+01
4.824999999999999845e-01 2.902815349183999842e+02 8.522468141791999585e+01
4.874999999999999889e-01 2.860154249257000174e+02 8.512537160837000272e+01
4.924999999999999933e-01 2.778120431927000027e+02 8.537715943815000230e+01
4.974999999999999978e-01 2.740588946705000239e+02 7.623235531621999428e+01
5.024999999999999467e-01 2.665726387108999802e+02 6.883234827001000156e+01
5.074999999999999512e-01 2.600877157575999945e+02 6.829219691003000037e+01
5.124999999999999556e-01 2.563132963188999724e+02 7.129540243830000179e+01
5.174999999999999600e-01 2.529575371121999865e+02 6.022513440544999952e+01
5.224999999999999645e-01 2.473056082354000011e+02 6.175116919324000264e+01
5.274999999999999689e-01 2.419822432031000119e+02 5.810809158192000012e+01
5.324999999999999734e-01 2.370550648393000017e+02 5.401223501933999671e+01
5.374999999999999778e-01 2.317900367013999983e+02 5.420941512819000252e+01
5.424999999999999822e-01 2.266979370331000041e+02 5.120595663849000090e+01
5.474999999999999867e-01 2.228111812644999929e+02 4.702830865004000316e+01
5.524999999999999911e-01 2.188739752356999873e+02 4.663512094114999940e+01
5.574999999999999956e-01 2.153534946190000028e+02 3.926745679530999666e+01
5.625000000000000000e-01 2.115495944774999941e+02 4.428698147981000233e+01
5.675000000000000044e-01 2.080250053002999948e+02 4.009049470709999952e+01
5.725000000000000089e-01 2.046141823723000073e+02 3.903257838591999729e+01
5.775000000000000133e-01 1.988042119458000059e+02 3.136917913235999933e+01
5.825000000000000178e-01 1.962257390723000015e+02 3.391465582498000231e+01
5.875000000000000222e-01 1.923044584662000034e+02 3.006705388090999875e+01
5.925000000000000266e-01 1.899953518599000120e+02 2.695911851049000063e+01
5.975000000000000311e-01 1.860199729589000128e+02 3.008342862018999853e+01
6.025000000000000355e-01 1.830746696177000103e+02 2.926620424989999947e+01
6.075000000000000400e-01 1.782808532006999940e+02 2.680746439005000070e+01
6.125000000000000444e-01 1.753516441541000006e+02 2.272996295704999881e+01
6.175000000000000488e-01 1.751866056329999992e+02 2.272655210926999914e+01
6.225000000000000533e-01 1.710833599037999875e+02 1.923736574163000057e+01
6.274999999999999467e-01 1.690478495355000064e+02 1.896250125044999990e+01
6.324999999999999512e-01 1.637702532154000039e+02 1.716634198579999904e+01
6.374999999999999556e-01 1.622812010842000063e+02 1.446620959964999997e+01
6.424999999999999600e-01 1.598660801759999970e+02 1.526992099962000005e+01
6.474999999999999645e-01 1.586016605190000064e+02 1.545696952265999968e+01
6.524999999999999689e-01 1.550914206989000093e+02 1.153191435939999998e+01
6.574999999999999734e-01 1.497217451996999955e+02 5.974553735827999645e+00
6.624999999999999778e-01 1.485622008747999985e+02 8.282229780396999530e+00
6.674999999999999822e-01 1.472643863892000127e+02 1.021383501396999982e+01
6.724999999999999867e-01 1.440609448323000095e+02 6.245004593580000041e+00
6.774999999999999911e-01 1.445075505922999923e+02 7.735577192324000428e+00
6.824999999999999956e-01 1.414049290705000033e+02 2.018109563148000163e+00
6.875000000000000000e-01 1.386291693086000123e+02 3.463049556395000117e+00
6.925000000000000044e-01 1.381407919801000048e+02 1.130837477565999949e+00
6.975000000000000089e-01 1.356724132816999884e+02 4.298696454666999678e+00
7.025000000000000133e-01 1.323140315734999888e+02 3.561226645495000120e+00
7.075000000000000178e-01 1.305083194732999914e+02 1.177244769077000042e+00
7.125000000000000222e-01 1.281792349405999971e+02 1.094758554690000024e-01
7.175000000000000266e-01 1.279963648914999936e+02 -3.460943023247000094e-01
7.225000000000000311e-01 1.253007401100999942e+02 -2.745076354781000205e+00
7.275000000000000355e-01 1.231231720977000066e+02 2.235773838395000102e+00
7.325000000000000400e-01 1.205768071067000022e+02 -1.440746035924999946e+00
7.375000000000000444e-01 1.197411102898000053e+02 -4.564311425024000002e+00
7.425000000000000488e-01 1.175626820597999966e+02 -1.154130204374999913e+00
7.475000000000000533e-01 1.154285252922999945e+02 -4.614920364739999670e+00
7.524999999999999467e-01 1.142238310347999999e+02 -3.685385176198999968e+00
7.574999999999999512e-01 1.134268955958000049e+02 -7.827793385908999646e+00
7.624999999999999556e-01 1.122282018817000022e+02 -9.454330592151000801e+00
7.674999999999999600e-01 1.085203278062000010e+02 -6.740886661693999748e+00
7.724999999999999645e-01 1.091556691228000062e+02 -7.459801908795999914e+00
7.774999999999999689e-01 1.064716049456000064e+02 -5.729311864851999836e+00
7.824999999999999734e-01 1.052820809602999930e+02 -1.013465982535999999e+01
7.874999999999999778e-01 1.043019664400000011e+02 -8.856327213971999512e+00
7.924999999999999822e-01 1.016508530634999943e+02 -1.020127823980999970e+01
7.974999999999999867e-01 1.016879233375999974e+02 -7.297488742491999858e+00
