2.500000000000000052e-03 1.269339238988000034e+04 2.506776638045999789e+03
7.499999999999999722e-03 1.612339869600000020e+04 1.784645502011999997e+04
1.250000000000000069e-02 1.689409830436999982e+04 5.851061721246000161e+03
1.750000000000000167e-02 2.064760096739000073e+04 1.959524279847000071e+04
2.249999999999999917e-02 1.798736129009000069e+04 1.378237367407999955e+04
2.750000000000000014e-02 1.637533159682000041e+04 1.226861080752999987e+04
3.250000000000000111e-02 1.411254896639000071e+04 7.581232032148000144e+03
3.749999999999999861e-02 1.266263819644000068e+04 9.379435740663000615e+03
4.250000000000000305e-02 1.149449010534000081e+04 8.314858106666000822e+03
4.750000000000000056e-02 1.048433711093999955e+04 7.846336994938999851e+03
5.249999999999999806e-02 9.282040730886999881e+03 6.516390702685999713e+03
5.750000000000000250e-02 8.748799254244999247e+03 5.872682456303999970e+03
6.250000000000000000e-02 8.296481383072999961e+03 5.560657882468000025e+03
6.750000000000000444e-02 7.615889816437999798e+03 5.523462411401000281e+03
7.249999999999999500e-02 7.188665073283999845e+03 5.448872387413999604e+03
7.749999999999999944e-02 6.824261696898999617e+03 4.466213969520999854e+03
8.250000000000000389e-02 6.081566880063999633e+03 4.312866987999999765e+03
8.749999999999999445e-02 5.516898901386999569e+03 4.096801376381000409e+03
9.249999999999999889e-02 4.990392468600000029e+03 3.443423497693000172e+03
9.750000000000000333e-02 4.506316888827000184e+03 3.218218337842999972e+03
1.024999999999999939e-01 4.125090601193000111e+03 2.983398301274000005e+03
1.074999999999999983e-01 3.866553473485999803e+03 2.762217216331000145e+03
1.125000000000000028e-01 3.615712624839000000e+03 2.552195529257000089e+03
1.174999999999999933e-01 3.520235438176000116e+03 2.550206547585999942e+03
1.224999999999999978e-01 3.348946292692000043e+03 2.309749935680999897e+03
1.275000000000000022e-01 3.190643130216999907e+03 2.192516176919999907e+03
1.325000000000000067e-01 3.084631304769000053e+03 2.013133437237999942e+03
1.375000000000000111e-01 2.896695584005999990e+03 1.957074054597999975e+03
1.424999999999999878e-01 2.725137752293000176e+03 1.840650701188000085e+03
1.474999999999999922e-01 2.538249582182999802e+03 1.714254029178000110e+03
1.524999999999999967e-01 2.400775046952000139e+03 1.637240011936999963e+03
1.575000000000000011e-01 2.267184353624999858e+03 1.585291209623999976e+03
1.625000000000000056e-01 2.116368983723999918e+03 1.421415033578000020e+03
1.675000000000000100e-01 1.976663443863000111e+03 1.282352561396000056e+03
1.724999999999999867e-01 1.886692469586000016e+03 1.278948901511000031e+03
1.774999999999999911e-01 1.807249785350999900e+03 1.219790234526999939e+03
1.824999999999999956e-01 1.749971185431000094e+03 1.151722608569999920e+03
1.875000000000000000e-01 1.705279005240000060e+03 1.105961824471999989e+03
1.925000000000000044e-01 1.615191274579000037e+03 9.900911208219999935e+02
1.975000000000000089e-01 1.568431079428999965e+03 1.013667192827000008e+03
2.025000000000000133e-01 1.510176016876999938e+03 9.851949953460000415e+02
2.074999999999999900e-01 1.427800761547000093e+03 9.164624000238000008e+02
2.124999999999999944e-01 1.380820602405000045e+03 8.527803745052999602e+02
2.174999999999999989e-01 1.298718668723000064e+03 8.103561797221999541e+02
2.225000000000000033e-01 1.259988638713999990e+03 8.090396815003000484e+02
2.275000000000000078e-01 1.195594163692999928e+03 7.485564812835999646e+02
2.325000000000000122e-01 1.157832354443999975e+03 7.199704119998999658e+02
2.374999999999999889e-01 1.116600610978000077e+03 7.048631539069000382e+02
2.424999999999999933e-01 1.071501311005999924e+03 6.556028471065000076e+02
2.474999999999999978e-01 1.041700080178999997e+03 6.487617067767999970e+02
2.525000000000000022e-01 1.010102765129999966e+03 5.859019451548000461e+02
2.575000000000000067e-01 9.752040140916000155e+02 5.713931672180999612e+02
2.625000000000000111e-01 9.417453560953000533e+02 5.608857147058999999e+02
2.675000000000000155e-01 9.212512194065999438e+02 5.317424806522999461e+02
2.725000000000000200e-01 8.736887842365999859e+02 5.131873189612000488e+02
2.775000000000000244e-01 8.486133330359999718e+02 4.819683080190999931e+02
2.824999999999999734e-01 8.214307097805999547e+02 4.661968250571999874e+02
2.874999999999999778e-01 7.863245832958999699e+02 4.460469805878000216e+02
2.924999999999999822e-01 7.726522848780000459e+02 4.286042730248000225e+02
2.974999999999999867e-01 7.446907324428999573e+02 4.230979581005000227e+02
3.024999999999999911e-01 7.168215776598999582e+02 3.923436556733000202e+02
3.074999999999999956e-01 7.030793254417000071e+02 3.782985934875999874e+02
3.125000000000000000e-01 6.751828071336999528e+02 3.523716979130999789e+02
3.175000000000000044e-01 6.593238779603999546e+02 3.477877790060999814e+02
3.225000000000000089e-01 6.405456716997000512e+02 3.267675462518000131e+02
3.275000000000000133e-01 6.278847745238000471e+02 3.161924968620999721e+02
3.325000000000000178e-01 6.085060190266999598e+02 3.082620212020000281e+02
3.375000000000000222e-01 5.888790221373000122e+02 2.909910905707999973e+02
3.425000000000000266e-01 5.744678029140000035e+02 2.834975566737999770e+02
3.474999999999999756e-01 5.575598474972999838e+02 2.716010224795999761e+02
3.524999999999999800e-01 5.424900062100000468e+02 2.653505507217000172e+02
3.574999999999999845e-01 5.257645780162999927e+02 2.600563299521999738e+02
3.624999999999999889e-01 5.090614790573999926e+02 2.419341562008999915e+02
3.674999999999999933e-01 4.970526995672000226e+02 2.350665526026999999e+02
3.724999999999999978e-01 4.854718375401000117e+02 2.187902129903000059e+02
3.775000000000000022e-01 4.745942166564000217e+02 2.167167516327999977e+02
3.825000000000000067e-01 4.638587687735000031e+02 2.111788898505000134e+02
3.875000000000000111e-01 4.509764823477000277e+02 2.004705109708999942e+02
3.925000000000000155e-01 4.362319984869999985e+02 1.893481914564999897e+02
3.975000000000000200e-01 4.264284051649000276e+02 1.662000142578999942e+02
4.025000000000000244e-01 4.149544728451999731e+02 1.830407340303999888e+02
4.074999999999999734e-01 4.092580732193999893e+02 1.629303507051999986e+02
4.124999999999999778e-01 4.001663649700000178e+02 1.529906211297000027e+02
4.174999999999999822e-01 3.857493076511000254e+02 1.428274875909000059e+02
4.224999999999999867e-01 3.818831884030000197e+02 1.510830013160999954e+02
4.274999999999999911e-01 3.676517362788000014e+02 1.421116938261999962e+02
4.324999999999999956e-01 3.582342833889999838e+02 1.298679550370999891e+02
4.375000000000000000e-01 3.529977464094000084e+02 1.293571173462999866e+02
4.425000000000000044e-01 3.470782404285999974e+02 1.242739789160000043e+02
4.475000000000000089e-01 3.367466431074000184e+02 1.224029791374999974e+02
4.525000000000000133e-01 3.300804754444000082e+02 1.130520260465000035e+02
4.575000000000000178e-01 3.257529815710000207e+02 1.095195480265000043e+02
4.625000000000000222e-01 3.158778044439999917e+02 1.028389311701999986e+02
4.675000000000000266e-01 3.118562990516999776e+02 9.884222492540999383e+01
4.724999999999999756e-01 3.032344892919999779e+02 9.420578942151999513e+01
4.774999999999999800e-01 2.937811050298000168e+02 9.096421545344999515e+01
4.824999999999999845e-01 2.896022829893000221e+02 8.589720891679000658e+01
4.874999999999999889e-01 2.825514837418999718e+02 8.512653858746000424e+01
4.924999999999999933e-01 2.768145584452000207e+02 7.811578302331000145e+01
4.974999999999999978e-01 2.708899600340999996e+02 7.761714466735000428e+01
5.024999999999999467e-01 2.668345989479000195e+02 7.428126412049999772e+01
5.074999999999999512e-01 2.620021975770999916e+02 6.825591705626999328e+01
5.124999999999999556e-01 2.567397021538000104e+02 6.970174133717999609e+01
5.174999999999999600e-01 2.491589976109000020e+02 6.799008586748000482e+01
5.224999999999999645e-01 2.442658104136999953e+02 5.914439156676999687e+01
5.274999999999999689e-01 2.394692555862000063e+02 5.988368152225999808e+01
5.324999999999999734e-01 2.355964137891999997e+02 5.549799856359000216e+01
5.374999999999999778e-01 2.333146725569999944e+02 5.235698186201000226e+01
5.424999999999999822e-01 2.276469181877000096e+02 4.911273078218000165e+01
5.474999999999999867e-01 2.232497921895999866e+02 5.804699004382000282e+01
5.524999999999999911e-01 2.188904581374999907e+02 4.496183602978999971e+01
5.574999999999999956e-01 2.143822371047000104e+02 4.127499940468000261e+01
5.625000000000000000e-01 2.113060439482999868e+02 4.344452723556999985e+01
5.675000000000000044e-01 2.071258594116000040e+02 3.747588607784000203e+01
5.725000000000000089e-01 2.043105448459999991e+02 3.606863926519000074e+01
5.775000000000000133e-01 1.990850575277999894e+02 3.457714313065999789e+01
5.825000000000000178e-01 1.955106834613000046e+02 3.364900226487999646e+01
5.875000000000000222e-01 1.926728202168999928e+02 3.171750543767999986e+01
5.925000000000000266e-01 1.885533764717000054e+02 2.857706967852999824e+01
5.975000000000000311e-01 1.864069949747999999e+02 2.960488515799000098e+01
6.025000000000000355e-01 1.830663731433999999e+02 2.869730267143999924e+01
6.075000000000000400e-01 1.788053734915000064e+02 2.962627050840999843e+01
6.125000000000000444e-01 1.757361399657000050e+02 2.068543388875999867e+01
6.175000000000000488e-01 1.751897563661999868e+02 2.216144112322000126e+01
6.225000000000000533e-01 1.697251065021000045e+02 2.334766566108000063e+01
6.274999999999999467e-01 1.666183950836999941e+02 2.002532622046999933e+01
6.324999999999999512e-01 1.669255853340999920e+02 1.769048604002000147e+01
6.374999999999999556e-01 1.628131617216000109e+02 1.505948316097000017e+01
6.424999999999999600e-01 1.613593380830999990e+02 1.441402064631000002e+01
6.474999999999999645e-01 1.575118620641000007e+02 1.087964477402999997e+01
6.524999999999999689e-01 1.557556647007999970e+02 9.016018844355999207e+00
6.574999999999999734e-01 1.517134843149000005e+02 1.376949546061000085e+01
6.624999999999999778e-01 1.503454084168999998e+02 1.003761835847999961e+01
6.674999999999999822e-01 1.481432466971000110e+02 5.269825247624000397e+00
6.724999999999999867e-01 1.457558370586000080e+02 8.082496369357999200e+00
6.774999999999999911e-01 1.428517246224000132e+02 8.249703365686999135e+00
6.824999999999999956e-01 1.423007288466999967e+02 4.941660704568000106e+00
6.875000000000000000e-01 1.391671823494999956e+02 2.353815752307999887e+00
6.925000000000000044e-01 1.365289976006000074e+02 5.185296520868999615e+00
6.975000000000000089e-01 1.353929160126000113e+02 2.656110784503999955e+00
7.025000000000000133e-01 1.327224174440999889e+02 2.871339530039000110e+00
7.075000000000000178e-01 1.307693544470999996e+02 2.005896119551000112e+00
7.125000000000000222e-01 1.266174000868000036e+02 -2.695612010177999895e+00
7.175000000000000266e-01 1.264081281517999997e+02 1.165034969529999964e+00
7.225000000000000311e-01 1.258410124931999974e+02 5.061440058346999837e-01
7.275000000000000355e-01 1.228797787379999988e+02 -4.079358009877999791e+00
7.325000000000000400e-01 1.217780864853999958e+02 2.622437433120000105e-01
7.375000000000000444e-01 1.191248259418999993e+02 -4.952304531751999583e+00
7.425000000000000488e-01 1.185095464852000049e+02 -1.268854036884000003e+00
7.475000000000000533e-01 1.167875774549000027e+02 -2.743883912298000105e+00
7.524999999999999467e-01 1.150076199462999966e+02 -5.215433295639999578e+00
7.574999999999999512e-01 1.136146491689000015e+02 -6.489262574133999983e+00
7.624999999999999556e-01 1.114381884738999986e+02 -6.362204881833999792e+00
7.674999999999999600e-01 1.092384772452000021e+02 -7.110609635203999801e+00
7.724999999999999645e-01 1.081435442949999981e+02 -7.760508009311999800e+00
7.774999999999999689e-01 1.078959523909999945e+02 -6.987912158832999765e+00
7.824999999999999734e-01 1.056427329675999971e+02 -8.033218557573000851e+00
7.874999999999999778e-01 1.049051348253999976e+02 -7.651034036208000266e+00
7.924999999999999822e-01 1.026124838756000059e+02 -1.040480350938999976e+01
7.974999999999999867e-01 1.028374431154000064e+02 -8.944326786657999406e+00
