2.500000000000000052e-03 9.128879862539999522e+03 4.613693724592000081e+02
7.499999999999999722e-03 1.388434709864000070e+04 7.922061066256000231e+03
1.250000000000000069e-02 2.062163987617000021e+04 1.593480125937000048e+04
1.750000000000000167e-02 2.403140631252000094e+04 2.732595609636999870e+04
2.249999999999999917e-02 1.877010163196999929e+04 1.358718664557999909e+04
2.750000000000000014e-02 1.605058387783000035e+04 1.047332139862999975e+04
3.250000000000000111e-02 1.517864587600000050e+04 1.190258487688999958e+04
3.749999999999999861e-02 1.280196381457999996e+04 1.001918844564999927e+04
4.250000000000000305e-02 1.130451411417999952e+04 7.201447791861000042e+03
4.750000000000000056e-02 1.001053893991000041e+04 8.084758195577000151e+03
5.249999999999999806e-02 9.372753109441999186e+03 7.783284167963000073e+03
5.750000000000000250e-02 8.601445990285999869e+03 5.906775904178000019e+03
6.250000000000000000e-02 8.354114185356000235e+03 7.154187423977000435e+03
6.750000000000000444e-02 7.774677774513999793e+03 5.647822561482000310e+03
7.249999999999999500e-02 7.118323676351000358e+03 4.955580264490999980e+03
7.749999999999999944e-02 6.787080391176000376e+03 4.774717539633999877e+03
8.250000000000000389e-02 6.059413933892000387e+03 4.499462387264000427e+03
8.749999999999999445e-02 5.581239721062000172e+03 3.985389740195999821e+03
9.249999999999999889e-02 4.982408686286000375e+03 3.649198053162000178e+03
9.750000000000000333e-02 4.531955096069000319e+03 3.429599316909000208e+03
1.024999999999999939e-01 4.062208829625999897e+03 2.752071806588000072e+03
1.074999999999999983e-01 3.859891181267999855e+03 2.794575036265000108e+03
1.125000000000000028e-01 3.674523966581999957e+03 2.656230888326999775e+03
1.174999999999999933e-01 3.512375344695999956e+03 2.478699469671999850e+03
1.224999999999999978e-01 3.321324279285000102e+03 2.403470758745999774e+03
1.275000000000000022e-01 3.250030776709999827e+03 2.244497128215999965e+03
1.325000000000000067e-01 3.060060386166000171e+03 1.917225645249000081e+03
1.375000000000000111e-01 2.938784411541999816e+03 2.102880237819999820e+03
1.424999999999999878e-01 2.730007906375999937e+03 1.784482102471999951e+03
1.474999999999999922e-01 2.559624338483999964e+03 1.765588316529999929e+03
1.524999999999999967e-01 2.393193418400000155e+03 1.677478553751999925e+03
1.575000000000000011e-01 2.251236862941999789e+03 1.534558399538000003e+03
1.625000000000000056e-01 2.105155785587000082e+03 1.454745387109999911e+03
1.675000000000000100e-01 1.973628349948000050e+03 1.370802380264000021e+03
1.724999999999999867e-01 1.898830508889999919e+03 1.221521205696999914e+03
1.774999999999999911e-01 1.812713021265999942e+03 1.185517073625999956e+03
1.824999999999999956e-01 1.765250145761000113e+03 1.208559426326999983e+03
1.875000000000000000e-01 1.688196419258000105e+03 1.122802761235999924e+03
1.925000000000000044e-01 1.662054899708999983e+03 1.087173248407000074e+03
1.975000000000000089e-01 1.567607609891000038e+03 9.559383951418999459e+02
2.025000000000000133e-01 1.496730206501000112e+03 9.499524930838000500e+02
2.074999999999999900e-01 1.421254759813999954e+03 8.879431738417999895e+02
2.124999999999999944e-01 1.367281760981999923e+03 8.686149603827000192e+02
2.174999999999999989e-01 1.312141635637000036e+03 8.352956110902000546e+02
2.225000000000000033e-01 1.253704854926000053e+03 8.021275319298000568e+02
2.275000000000000078e-01 1.203735657333000063e+03 7.366399598125999546e+02
2.325000000000000122e-01 1.161329299446000050e+03 7.571062942938000333e+02
2.374999999999999889e-01 1.106536674982000022e+03 6.695786748698000110e+02
2.424999999999999933e-01 1.081627483947999963e+03 6.783304739879999943e+02
2.474999999999999978e-01 1.038851049315999944e+03 6.148856292051000310e+02
2.525000000000000022e-01 1.008208191108000051e+03 5.924692734568000105e+02
2.575000000000000067e-01 9.769922538263000433e+02 5.851646486787000185e+02
2.625000000000000111e-01 9.416784867503999976e+02 5.404676095731000487e+02
2.675000000000000155e-01 9.098060577628999681e+02 5.353102412261999916e+02
2.725000000000000200e-01 8.666737111044999438e+02 5.061000181934999773e+02
2.775000000000000244e-01 8.471204584890999740e+02 4.760737001730000202e+02
2.824999999999999734e-01 8.225137183389999791e+02 4.579546269278000068e+02
2.874999999999999778e-01 7.924811426937000078e+02 4.435698272198999916e+02
2.924999999999999822e-01 7.715065260351999541e+02 4.320235273719999896e+02
2.974999999999999867e-01 7.431314764692000381e+02 4.347834741310999789e+02
3.024999999999999911e-01 7.186837161506000484e+02 3.859858411042000057e+02
3.074999999999999956e-01 7.003240643755000292e+02 3.922393047392999961e+02
3.125000000000000000e-01 6.756842710962999945e+02 3.466608128158999875e+02
3.175000000000000044e-01 6.599575331600000254e+02 3.527871527685999808e+02
3.225000000000000089e-01 6.416884118880000187e+02 3.353140709566000055e+02
3.275000000000000133e-01 6.241648279006000166e+02 3.172237064743000019e+02
3.325000000000000178e-01 6.066847915721999698e+02 3.154399630528000102e+02
3.375000000000000222e-01 5.860852090641999439e+02 2.932380077482999923e+02
3.425000000000000266e-01 5.729727427858000510e+02 2.899341024921999974e+02
3.474999999999999756e-01 5.523795240888000535e+02 2.671828769617000034e+02
3.524999999999999800e-01 5.451098165723000193e+02 2.789003113727000027e+02
3.574999999999999845e-01 5.263030880494000030e+02 2.583180729846999952e+02
3.624999999999999889e-01 5.081569628679000061e+02 2.352535690844999863e+02
3.674999999999999933e-01 4.978406641124000203e+02 2.328888742400999945e+02
3.724999999999999978e-01 4.845715002362999826e+02 2.234507241590999911e+02
3.775000000000000022e-01 4.734935399804999747e+02 2.153026269279000076e+02
3.825000000000000067e-01 4.583800105490000192e+02 2.113052998622999894e+02
3.875000000000000111e-01 4.477390808572000083e+02 1.870999829122999927e+02
3.925000000000000155e-01 4.362043602005999787e+02 1.888522744128999875e+02
3.975000000000000200e-01 4.288015904427999772e+02 1.872324919785000077e+02
4.025000000000000244e-01 4.178699623022000083e+02 1.746877449760999923e+02
4.074999999999999734e-01 4.058208352908000052e+02 1.708834180677999939e+02
4.124999999999999778e-01 3.965131023103999723e+02 1.557409785858000077e+02
4.174999999999999822e-01 3.881239139700999772e+02 1.598208819500999880e+02
4.224999999999999867e-01 3.745325371272999746e+02 1.438084793753000099e+02
4.274999999999999911e-01 3.676021501890999730e+02 1.456356338800000003e+02
4.324999999999999956e-01 3.607868584825000084e+02 1.353625140329999965e+02
4.375000000000000000e-01 3.535905511845999740e+02 1.330420781281999894e+02
4.425000000000000044e-01 3.457580298717999767e+02 1.279166697562999957e+02
4.475000000000000089e-01 3.375189316604000282e+02 1.171473214094000070e+02
4.525000000000000133e-01 3.306631018479000090e+02 1.146430396089999988e+02
4.575000000000000178e-01 3.247054737637000130e+02 1.123121214752000014e+02
4.625000000000000222e-01 3.129106197702000145e+02 1.017659425796999955e+02
4.675000000000000266e-01 3.085534417988000087e+02 1.009084595454999942e+02
4.724999999999999756e-01 3.016176383704000159e+02 9.634529411296000490e+01
4.774999999999999800e-01 2.977828980103000163e+02 9.344860180963000573e+01
4.824999999999999845e-01 2.890120712181000044e+02 8.807091418083000178e+01
4.874999999999999889e-01 2.823237097649000020e+02 8.007397049722000304e+01
4.924999999999999933e-01 2.779092628943000136e+02 7.411300091447000682e+01
4.974999999999999978e-01 2.710833365774000185e+02 7.898206456997999680e+01
5.024999999999999467e-01 2.650928497895999953e+02 7.236269501302000151e+01
5.074999999999999512e-01 2.624308358092000049e+02 7.350783422349999796e+01
5.124999999999999556e-01 2.569422680123000191e+02 7.153208570633999841e+01
5.174999999999999600e-01 2.507342587038999966e+02 6.503638180483000042e+01
5.224999999999999645e-01 2.471330913518000045e+02 6.351236261108000036e+01
5.274999999999999689e-01 2.421056204799999989e+02 5.671982456949000095e+01
5.324999999999999734e-01 2.377774651370000072e+02 5.309392292889000231e+01
5.374999999999999778e-01 2.306952989874000082e+02 5.226250285337000179e+01
5.424999999999999822e-01 2.258062753526000108e+02 4.949638401221999828e+01
5.474999999999999867e-01 2.221470950659999914e+02 4.459688521895999713e+01
5.524999999999999911e-01 2.199549615587000062e+02 4.459908375708999984e+01
5.574999999999999956e-01 2.148636542348999967e+02 4.302869557478999951e+01
5.625000000000000000e-01 2.108789665820000039e+02 3.977124548585000241e+01
5.675000000000000044e-01 2.074837615049999897e+02 3.806854085615000116e+01
5.725000000000000089e-01 2.046131353648000015e+02 3.735896939565999730e+01
5.775000000000000133e-01 2.003908845544999906e+02 3.242893565242999898e+01
5.825000000000000178e-01 1.964714253152000083e+02 3.306390307899000192e+01
5.875000000000000222e-01 1.949957622546000096e+02 3.288934907776999950e+01
5.925000000000000266e-01 1.899110445768000091e+02 3.090708998614000080e+01
5.975000000000000311e-01 1.856488608335999970e+02 2.135295572077000159e+01
6.025000000000000355e-01 1.834955733515000134e+02 2.665997047680000165e+01
6.075000000000000400e-01 1.816628266573999895e+02 2.418523924356999899e+01
6.125000000000000444e-01 1.766919176456000002e+02 2.263950966802000053e+01
6.175000000000000488e-01 1.721245286344999954e+02 1.778497207435000149e+01
6.225000000000000533e-01 1.702586020836000102e+02 1.694176887975000056e+01
6.274999999999999467e-01 1.684467850682999881e+02 1.990720965027999867e+01
6.324999999999999512e-01 1.661117820718999951e+02 1.703303484074999830e+01
6.374999999999999556e-01 1.626799518585000044e+02 1.497539301936000022e+01
6.424999999999999600e-01 1.596357295978000082e+02 1.495873356945000054e+01
6.474999999999999645e-01 1.583160191012999860e+02 1.326607340055999984e+01
6.524999999999999689e-01 1.531306612868000059e+02 1.092391953461000043e+01
6.574999999999999734e-01 1.514772132804999956e+02 1.095713688586000067e+01
6.624999999999999778e-01 1.512751405303999945e+02 9.968598119596000728e+00
6.674999999999999822e-01 1.467684815460999914e+02 8.498584589429999170e+00
6.724999999999999867e-01 1.460026443159999872e+02 6.141004585802000371e+00
6.774999999999999911e-01 1.427634243086000083e+02 7.387476909033999561e+00
6.824999999999999956e-01 1.404671567876000040e+02 6.293129854184000394e+00
6.875000000000000000e-01 1.393181532773000129e+02 6.103372543887999768e+00
6.925000000000000044e-01 1.376918123863999881e+02 2.160426548654000189e+00
6.975000000000000089e-01 1.345369127529999957e+02 2.587568627102000196e+00
7.025000000000000133e-01 1.318380232844000091e+02 6.222605967869000443e-01
7.075000000000000178e-01 1.308347880862000068e+02 -1.615491020266000000e-01
7.125000000000000222e-01 1.297399050164999892e+02 1.348042900644000008e+00
7.175000000000000266e-01 1.270031434283999943e+02 -1.045357073062000014e-01
7.225000000000000311e-01 1.254255670145000039e+02 -8.838552116772000478e-01
7.275000000000000355e-01 1.219125623740000037e+02 -5.131290703192999958e-01
7.325000000000000400e-01 1.206318813882000001e+02 -5.190103979163000147e+00
7.375000000000000444e-01 1.201891033073000017e+02 -6.263615584425999749e+00
7.425000000000000488e-01 1.181419430235000050e+02 -3.435118106970000085e+00
7.475000000000000533e-01 1.161759235812999975e+02 -3.378005039870000115e+00
7.524999999999999467e-01 1.153246018576000012e+02 -7.369847468745000185e+00
7.574999999999999512e-01 1.124708644547000063e+02 -4.365553912919000190e+00
7.624999999999999556e-01 1.118479052527000022e+02 -4.842398184939000316e+00
7.674999999999999600e-01 1.098418885204000048e+02 -8.461234179078999773e+00
7.724999999999999645e-01 1.089976549331999962e+02 -1.081618151181000087e+01
7.774999999999999689e-01 1.077019109624999942e+02 -1.013177839517000045e+01
7.824999999999999734e-01 1.054289084234000029e+02 -7.229883405629999871e+00
7.874999999999999778e-01 1.053809583171999975e+02 -9.648569737939000746e+00
7.924999999999999822e-01 1.035464235895999963e+02 -7.640899200942000036e+00
7.974999999999999867e-01 1.013331435258999988e+02 -1.042917491170000055e+01
