2.500000000000000052e-03 1.676078454255999895e+04 3.190410233480000170e+04
7.499999999999999722e-03 1.936359103094999955e+04 1.914789106010999967e+04
1.250000000000000069e-02 1.866166835011000148e+04 1.170452334218999931e+04
1.750000000000000167e-02 1.886081820756000161e+04 1.460562219756999912e+04
2.249999999999999917e-02 1.819902608968999994e+04 1.456905299369000022e+04
2.750000000000000014e-02 1.627519954123000025e+04 1.261480838256999959e+04
3.250000000000000111e-02 1.445979335795000043e+04 1.161155693000000065e+04
3.749999999999999861e-02 1.298086102688000028e+04 9.948823594441000751e+03
4.250000000000000305e-02 1.172406884630999957e+04 9.416798290954000549e+03
4.750000000000000056e-02 1.047992492515999947e+04 7.857675749818000440e+03
5.249999999999999806e-02 9.335352297875999284e+03 7.315028715235000163e+03
5.750000000000000250e-02 8.855249429859000884e+03 6.086552220429999579e+03
6.250000000000000000e-02 8.287073888537999665e+03 6.730562795138999718e+03
6.750000000000000444e-02 7.779762739986999804e+03 5.891841988561999642e+03
7.249999999999999500e-02 7.231435075563000282e+03 5.406595627360000435e+03
7.749999999999999944e-02 6.603331295461999616e+03 4.914273674615000346e+03
8.250000000000000389e-02 6.117436383467999804e+03 4.582931044083999950e+03
8.749999999999999445e-02 5.598621288301000277e+03 4.172375677598999573e+03
9.249999999999999889e-02 4.944244979355000396e+03 3.456884968269000183e+03
9.750000000000000333e-02 4.448960471944000346e+03 3.210167417706999913e+03
1.024999999999999939e-01 4.121382530095000220e+03 2.848911998231999860e+03
1.074999999999999983e-01 3.908321578865999982e+03 2.779735161829999925e+03
1.125000000000000028e-01 3.648676211224999861e+03 2.539038241361000019e+03
1.174999999999999933e-01 3.486764510733999941e+03 2.429747433974000160e+03
1.224999999999999978e-01 3.349145185419999962e+03 2.350592197946999931e+03
1.275000000000000022e-01 3.215696186537999893e+03 2.105379308868999942e+03
1.325000000000000067e-01 3.062049197435000224e+03 2.076517520685999898e+03
1.375000000000000111e-01 2.921700861310000164e+03 2.044788435107999931e+03
1.424999999999999878e-01 2.737399594027000148e+03 1.818462020287000087e+03
1.474999999999999922e-01 2.538972928642000170e+03 1.787782463184000108e+03
1.524999999999999967e-01 2.386682248058999903e+03 1.649914825857000096e+03
1.575000000000000011e-01 2.213545206971999960e+03 1.528408873437000011e+03
1.625000000000000056e-01 2.090674036757000067e+03 1.391542261474000043e+03
1.675000000000000100e-01 1.984763403973000095e+03 1.338469617953999887e+03
1.724999999999999867e-01 1.922994748997999977e+03 1.348377462590000050e+03
1.774999999999999911e-01 1.824954461291999905e+03 1.213373116347999940e+03
1.824999999999999956e-01 1.756304692440000053e+03 1.144853546920000099e+03
1.875000000000000000e-01 1.711520432159999928e+03 1.128307477602000063e+03
1.925000000000000044e-01 1.622036036384999989e+03 1.027923710914999901e+03
1.975000000000000089e-01 1.565761809075999963e+03 9.946677043006000076e+02
2.025000000000000133e-01 1.512787624721999919e+03 9.535337409687000445e+02
2.074999999999999900e-01 1.444301159006000034e+03 9.276298990330999459e+02
2.124999999999999944e-01 1.375833111641999949e+03 8.567790990490999548e+02
2.174999999999999989e-01 1.304424886476999973e+03 8.557092259347999743e+02
2.225000000000000033e-01 1.260578567852000106e+03 7.900318924059999972e+02
2.275000000000000078e-01 1.210992870341000071e+03 7.630902230092999616e+02
2.325000000000000122e-01 1.145262056131999998e+03 7.170122666549999622e+02
2.374999999999999889e-01 1.116425297803999911e+03 6.952685844070999792e+02
2.424999999999999933e-01 1.071921110709999994e+03 6.525323421885000243e+02
2.474999999999999978e-01 1.036114313179999954e+03 6.221563694914000280e+02
2.525000000000000022e-01 1.011102594823999993e+03 6.029108313862000159e+02
2.575000000000000067e-01 9.588221000782000374e+02 5.605381452143999468e+02
2.625000000000000111e-01 9.378891897254000014e+02 5.303674511872000039e+02
2.675000000000000155e-01 9.089931521071999896e+02 5.312329931008999893e+02
2.725000000000000200e-01 8.780496876698999813e+02 5.254601236224999639e+02
2.775000000000000244e-01 8.389874280696999449e+02 4.792991530470000043e+02
2.824999999999999734e-01 8.219943470667000156e+02 4.838234275515999911e+02
2.874999999999999778e-01 8.003529507053000316e+02 4.463358576240000275e+02
2.924999999999999822e-01 7.667658187916000543e+02 4.355560592498999881e+02
2.974999999999999867e-01 7.389162147291000338e+02 4.023168863608000265e+02
3.024999999999999911e-01 7.183867635973000461e+02 3.939013790001999951e+02
3.074999999999999956e-01 6.962453572880999673e+02 3.713873872112000072e+02
3.125000000000000000e-01 6.755765852389999964e+02 3.586543523838000169e+02
3.175000000000000044e-01 6.601004552473000331e+02 3.509940433794000114e+02
3.225000000000000089e-01 6.394258106354000120e+02 3.261585372647999748e+02
3.275000000000000133e-01 6.184753834693999579e+02 3.104040202676999911e+02
3.325000000000000178e-01 6.032341162320999501e+02 3.158797161213000209e+02
3.375000000000000222e-01 5.853353951893000158e+02 2.977576308946000267e+02
3.425000000000000266e-01 5.725202522993999992e+02 2.828186316915000020e+02
3.474999999999999756e-01 5.547591820522000035e+02 2.758843448177000255e+02
3.524999999999999800e-01 5.402991365463000193e+02 2.641172776998000131e+02
3.574999999999999845e-01 5.271164526799000214e+02 2.477200105775999930e+02
3.624999999999999889e-01 5.072638660288000096e+02 2.401089486202999979e+02
3.674999999999999933e-01 4.992362342487999740e+02 2.350110653726000010e+02
3.724999999999999978e-01 4.834570617385999753e+02 2.151819823097000040e+02
3.775000000000000022e-01 4.745089920364999898e+02 2.155127930982999942e+02
3.825000000000000067e-01 4.611221800628999858e+02 2.047536987397000132e+02
3.875000000000000111e-01 4.492994729581999991e+02 1.927993736434999903e+02
3.925000000000000155e-01 4.399098772916000257e+02 1.916077289934000021e+02
3.975000000000000200e-01 4.253588830739000173e+02 1.811855148935999864e+02
4.025000000000000244e-01 4.138590130014000010e+02 1.690590317939999920e+02
4.074999999999999734e-01 4.061279117170000177e+02 1.647510684051999874e+02
4.124999999999999778e-01 3.989305396679999944e+02 1.538136479501999929e+02
4.174999999999999822e-01 3.879241457123999908e+02 1.511011259109999969e+02
4.224999999999999867e-01 3.739519817272999944e+02 1.448654961613999888e+02
4.274999999999999911e-01 3.714639617984000211e+02 1.384723358788000098e+02
4.324999999999999956e-01 3.568121565571000247e+02 1.324467726919999961e+02
4.375000000000000000e-01 3.504868380397999772e+02 1.210715397694000046e+02
4.425000000000000044e-01 3.439546519816000227e+02 1.323625981319999880e+02
4.475000000000000089e-01 3.383041215562000161e+02 1.144237310108999992e+02
4.525000000000000133e-01 3.288468434193999883e+02 1.162119798546000027e+02
4.575000000000000178e-01 3.214289218882000227e+02 1.152588614567000036e+02
4.625000000000000222e-01 3.141898679665999907e+02 1.055388854177000013e+02
4.675000000000000266e-01 3.082156076086999974e+02 1.066870809339000061e+02
4.724999999999999756e-01 3.002940465629000073e+02 9.584367922907000548e+01
4.774999999999999800e-01 2.963843456623000066e+02 8.848688473141000088e+01
4.824999999999999845e-01 2.889694727872000044e+02 8.383722490553999762e+01
4.874999999999999889e-01 2.823199393135000150e+02 8.247874556442999960e+01
4.924999999999999933e-01 2.780734025035000059e+02 8.172579024847000539e+01
4.974999999999999978e-01 2.710026883602999987e+02 7.311370866050999950e+01
5.024999999999999467e-01 2.682037594152000111e+02 7.886469774466999638e+01
5.074999999999999512e-01 2.606640682427000115e+02 7.076630378714999381e+01
5.124999999999999556e-01 2.530823881873000119e+02 6.686515662412000438e+01
5.174999999999999600e-01 2.517527448170999946e+02 5.958384734543000150e+01
5.224999999999999645e-01 2.441410975469999869e+02 6.557603733434000048e+01
5.274999999999999689e-01 2.397283317977999957e+02 5.447688930569999854e+01
5.324999999999999734e-01 2.386326482231000057e+02 5.487934521012000033e+01
5.374999999999999778e-01 2.316873341513000071e+02 5.493410868766000021e+01
5.424999999999999822e-01 2.287540132663000065e+02 5.312255516090999663e+01
5.474999999999999867e-01 2.242830360607999864e+02 4.924061254629000217e+01
5.524999999999999911e-01 2.179151539743000114e+02 4.809365214430000179e+01
5.574999999999999956e-01 2.147424196501000040e+02 4.374445589625000252e+01
5.625000000000000000e-01 2.113781516440000132e+02 4.061755424905000211e+01
5.675000000000000044e-01 2.092577679201000080e+02 3.651597212406999660e+01
5.725000000000000089e-01 2.035993315405000033e+02 3.553942926725000007e+01
5.775000000000000133e-01 1.978202109846999974e+02 3.147128668986999855e+01
5.825000000000000178e-01 1.956733869605000109e+02 3.005281055401000145e+01
5.875000000000000222e-01 1.933189510518000134e+02 2.898241107932999938e+01
5.925000000000000266e-01 1.902675012708999986e+02 2.751926238745999953e+01
5.975000000000000311e-01 1.873645969474000026e+02 2.742053737975000161e+01
6.025000000000000355e-01 1.833993402172000060e+02 2.833816542354999868e+01
6.075000000000000400e-01 1.789607119233999981e+02 2.799610993415999971e+01
6.125000000000000444e-01 1.764143133613999908e+02 2.248329627405999886e+01
6.175000000000000488e-01 1.730076629589999868e+02 1.916220675002000107e+01
6.225000000000000533e-01 1.710659532530000035e+02 1.907763816069000029e+01
6.274999999999999467e-01 1.683915715212999942e+02 1.724237331927000128e+01
6.324999999999999512e-01 1.653462520111999936e+02 1.777609747242999916e+01
6.374999999999999556e-01 1.631010646139000073e+02 1.522940134367000020e+01
6.424999999999999600e-01 1.591157130670999891e+02 1.192916728928000047e+01
6.474999999999999645e-01 1.579217828168999915e+02 9.859768740098999729e+00
6.524999999999999689e-01 1.543418859880999889e+02 1.391892425860999971e+01
6.574999999999999734e-01 1.523328442542999994e+02 1.130013129235000058e+01
6.624999999999999778e-01 1.511563722987999938e+02 9.399256622501999558e+00
6.674999999999999822e-01 1.470351173280000125e+02 7.172672761954999920e+00
6.724999999999999867e-01 1.456723299527999984e+02 6.076686602931999914e+00
6.774999999999999911e-01 1.440721453824999969e+02 4.696869060653999561e+00
6.824999999999999956e-01 1.393309758974000090e+02 3.842628439923000183e+00
6.875000000000000000e-01 1.384971068529999911e+02 2.548607319454000208e+00
6.925000000000000044e-01 1.362370072571000037e+02 3.682135310317999899e+00
6.975000000000000089e-01 1.340246243642000081e+02 1.076510329733999960e+00
7.025000000000000133e-01 1.336872960462000037e+02 2.708203749361000057e+00
7.075000000000000178e-01 1.297814102259999913e+02 1.130715098480999936e-01
7.125000000000000222e-01 1.281861002855000038e+02 -1.321953257372000090e+00
7.175000000000000266e-01 1.259676053609999968e+02 -2.580424035497999924e+00
7.225000000000000311e-01 1.243544174615000060e+02 -1.656052272072000009e-01
7.275000000000000355e-01 1.231837228615000015e+02 -2.510121056761000169e+00
7.325000000000000400e-01 1.204950003544999930e+02 -1.284399149163000020e+00
7.375000000000000444e-01 1.201195058646000007e+02 -5.356560161148999910e+00
7.425000000000000488e-01 1.174646291657000035e+02 -6.180526987469000311e+00
7.475000000000000533e-01 1.165817472088999978e+02 -5.920164139726000307e+00
7.524999999999999467e-01 1.149612417893000043e+02 -3.285429253468000077e+00
7.574999999999999512e-01 1.133951103952000068e+02 -5.824895248666000391e+00
7.624999999999999556e-01 1.118989147131999999e+02 -5.905172389295000102e+00
7.674999999999999600e-01 1.092518642448000037e+02 -6.182314708920999990e+00
7.724999999999999645e-01 1.079359655833000033e+02 -6.648399667120999723e+00
7.774999999999999689e-01 1.068190808314000009e+02 -8.340620799064000224e+00
7.824999999999999734e-01 1.049291463433000047e+02 -6.372085588212000218e+00
7.874999999999999778e-01 1.038677425813000070e+02 -7.879821166646999941e+00
7.924999999999999822e-01 1.028267884353000028e+02 -9.691728698931999730e+00
7.974999999999999867e-01 1.012089830208000052e+02 -9.212135991125000700e+00
