2.500000000000000052e-03 9.616290675005999219e+03 7.451078655065999556e+03
7.499999999999999722e-03 1.178055458886999986e+04 3.732378070971999932e+03
1.250000000000000069e-02 1.892249712052000177e+04 1.083346932496000045e+04
1.750000000000000167e-02 1.678935814482999922e+04 1.155230934739000077e+04
2.249999999999999917e-02 1.782914211490999878e+04 1.178864283375000014e+04
2.750000000000000014e-02 1.813594881180000084e+04 1.646075024662999931e+04
3.250000000000000111e-02 1.464727442791999965e+04 1.076948651819999941e+04
3.749999999999999861e-02 1.255112866564000069e+04 8.296807674588999362e+03
4.250000000000000305e-02 1.098074774344000070e+04 8.465800505180999608e+03
4.750000000000000056e-02 9.981304715494999982e+03 7.073119062875000054e+03
5.249999999999999806e-02 9.345372723585000131e+03 7.141212576486000216e+03
5.750000000000000250e-02 8.906995476632999271e+03 7.203611160667000149e+03
6.250000000000000000e-02 8.444574328676999357e+03 6.643185008770000422e+03
6.750000000000000444e-02 7.976877328069000214e+03 5.510004912886000056e+03
7.249999999999999500e-02 7.249019023378999918e+03 4.911748760479000339e+03
7.749999999999999944e-02 6.656486074919000202e+03 5.000371634000999620e+03
8.250000000000000389e-02 6.222831557528999838e+03 4.775416583008000089e+03
8.749999999999999445e-02 5.446576004210000065e+03 3.847108821785000146e+03
9.249999999999999889e-02 5.024363596330000291e+03 3.554548997842000063e+03
9.750000000000000333e-02 4.463038992906000203e+03 3.321260966101000122e+03
1.024999999999999939e-01 4.256649324257000444e+03 3.107722987325999839e+03
1.074999999999999983e-01 3.879802897089999988e+03 2.837870354068999859e+03
1.125000000000000028e-01 3.651557256154999777e+03 2.664850478878000104e+03
1.174999999999999933e-01 3.522317231663999792e+03 2.501831671040999936e+03
1.224999999999999978e-01 3.336821049512000172e+03 2.393308794377000140e+03
1.275000000000000022e-01 3.203562397118999797e+03 2.184774616289999813e+03
1.325000000000000067e-01 3.064638510590999886e+03 1.979239783342999999e+03
1.375000000000000111e-01 2.887983287675000156e+03 1.991783803028999955e+03
1.424999999999999878e-01 2.738341356176999852e+03 1.837345485118999932e+03
1.474999999999999922e-01 2.528753030158999991e+03 1.666937556339999901e+03
1.524999999999999967e-01 2.347246780660999775e+03 1.574510791513999948e+03
1.575000000000000011e-01 2.265713509402000000e+03 1.589671822819999988e+03
1.625000000000000056e-01 2.071298813136999797e+03 1.422962446790000058e+03
1.675000000000000100e-01 1.984558324297999889e+03 1.433812845117000052e+03
1.724999999999999867e-01 1.914346030962999976e+03 1.333057210550000036e+03
1.774999999999999911e-01 1.823465793108000071e+03 1.188152630281000029e+03
1.824999999999999956e-01 1.747515697249999903e+03 1.169180989666999949e+03
1.875000000000000000e-01 1.694288705156000105e+03 1.105172133359000100e+03
1.925000000000000044e-01 1.633309912774999930e+03 1.071706665296999972e+03
1.975000000000000089e-01 1.558619504317000064e+03 1.034303154675000087e+03
2.025000000000000133e-01 1.510201278989999992e+03 9.400762920134000069e+02
2.074999999999999900e-01 1.425441120007000109e+03 9.012786604745999739e+02
2.124999999999999944e-01 1.383267507275000071e+03 9.099512857480000321e+02
2.174999999999999989e-01 1.308760016422000035e+03 8.217223958235000509e+02
2.225000000000000033e-01 1.249323651884999890e+03 8.297759287233000123e+02
2.275000000000000078e-01 1.202824485734000064e+03 7.482510070114999507e+02
2.325000000000000122e-01 1.157505768713999942e+03 7.436975122459999739e+02
2.374999999999999889e-01 1.110968250468999940e+03 6.768871447706000026e+02
2.424999999999999933e-01 1.076511206282000103e+03 6.372088389433999964e+02
2.474999999999999978e-01 1.043100952135999933e+03 6.253361138451999750e+02
2.525000000000000022e-01 1.015356234617000041e+03 5.996820430036000289e+02
2.575000000000000067e-01 9.773978182285000003e+02 5.740899671321000142e+02
2.625000000000000111e-01 9.418531411523999850e+02 5.646190928204000556e+02
2.675000000000000155e-01 9.062817483323000260e+02 5.405266759759000479e+02
2.725000000000000200e-01 8.800551097845999493e+02 5.058390431869000281e+02
2.775000000000000244e-01 8.446854511975000150e+02 4.833114744655999857e+02
2.824999999999999734e-01 8.176196996090000084e+02 4.651384498588000156e+02
2.874999999999999778e-01 7.962579840977000458e+02 4.543864514545999782e+02
2.924999999999999822e-01 7.608233851510000250e+02 4.223450973395999881e+02
2.974999999999999867e-01 7.479372087893999606e+02 4.141986023978000162e+02
3.024999999999999911e-01 7.176936574574000360e+02 3.963833673172999852e+02
3.074999999999999956e-01 6.931529630750000024e+02 3.897812847182000269e+02
3.125000000000000000e-01 6.787062968154999680e+02 3.808888202640999907e+02
3.175000000000000044e-01 6.590042077264999989e+02 3.459849953108000022e+02
3.225000000000000089e-01 6.401768423398999630e+02 3.252707087227000216e+02
3.275000000000000133e-01 6.150315218028999880e+02 3.160904094783999767e+02
3.325000000000000178e-01 6.031039079754999648e+02 3.038842036281000105e+02
3.375000000000000222e-01 5.831228812921000326e+02 2.931380067164000138e+02
3.425000000000000266e-01 5.758889281877000030e+02 2.908325922547999767e+02
3.474999999999999756e-01 5.551102706752999438e+02 2.696655580177999809e+02
3.524999999999999800e-01 5.450885870181999735e+02 2.554171962865999888e+02
3.574999999999999845e-01 5.253775479726999720e+02 2.577889750552000123e+02
3.624999999999999889e-01 5.154357023608999953e+02 2.532390991960000122e+02
3.674999999999999933e-01 4.965199713367999834e+02 2.312861771549000025e+02
3.724999999999999978e-01 4.865697765968000112e+02 2.176604850093000039e+02
3.775000000000000022e-01 4.695363460240999984e+02 2.158819537459999935e+02
3.825000000000000067e-01 4.589403213022000045e+02 2.114690480984999965e+02
3.875000000000000111e-01 4.454389590165000072e+02 1.994512155909999933e+02
3.925000000000000155e-01 4.368494704652999872e+02 1.849885777124000015e+02
3.975000000000000200e-01 4.279625062613000068e+02 1.870642182820000130e+02
4.025000000000000244e-01 4.164933627643999898e+02 1.723689623793000010e+02
4.074999999999999734e-01 4.035268007805000252e+02 1.688950541869999995e+02
4.124999999999999778e-01 3.955984779811000180e+02 1.573400745170000050e+02
4.174999999999999822e-01 3.880133939195999915e+02 1.526233494722000046e+02
4.224999999999999867e-01 3.776260148453000056e+02 1.523460244546000126e+02
4.274999999999999911e-01 3.699217269581000096e+02 1.422894671123999899e+02
4.324999999999999956e-01 3.593659880931999737e+02 1.397022119204000035e+02
4.375000000000000000e-01 3.549385649834999867e+02 1.308518922847999875e+02
4.425000000000000044e-01 3.444220281728000259e+02 1.317235830897000142e+02
4.475000000000000089e-01 3.398721992554999929e+02 1.245315485850999977e+02
4.525000000000000133e-01 3.282230083319000187e+02 1.172101085918999956e+02
4.575000000000000178e-01 3.231010539264000272e+02 1.113675978672000042e+02
4.625000000000000222e-01 3.148622199513000055e+02 1.061499512691000007e+02
4.675000000000000266e-01 3.092458604291999791e+02 1.020648475074000032e+02
4.724999999999999756e-01 3.015228866287999949e+02 9.829311432782999702e+01
4.774999999999999800e-01 2.969457898814000032e+02 9.500848517157000117e+01
4.824999999999999845e-01 2.878069847442000082e+02 8.933904782857000271e+01
4.874999999999999889e-01 2.857954975017000265e+02 8.735441889097999990e+01
4.924999999999999933e-01 2.775559402623999858e+02 8.685057378553000262e+01
4.974999999999999978e-01 2.751306557506999866e+02 7.799244997227999932e+01
5.024999999999999467e-01 2.641358590710000271e+02 7.231151032968000436e+01
5.074999999999999512e-01 2.605263292130999844e+02 6.453540679001000058e+01
5.124999999999999556e-01 2.558322218053999961e+02 6.302506955754000018e+01
5.174999999999999600e-01 2.505920093827000130e+02 6.442431350252999778e+01
5.224999999999999645e-01 2.465377252801999930e+02 5.844295144886000060e+01
5.274999999999999689e-01 2.415042084503000126e+02 6.038003473010999755e+01
5.324999999999999734e-01 2.366790056001999858e+02 5.978783342372000220e+01
5.374999999999999778e-01 2.340320962767999902e+02 4.932402315131999870e+01
5.424999999999999822e-01 2.260880785207999963e+02 5.073469718545999996e+01
5.474999999999999867e-01 2.221067088089000094e+02 5.226860963878999655e+01
5.524999999999999911e-01 2.182153714460000060e+02 4.634118976100000253e+01
5.574999999999999956e-01 2.156140812817000096e+02 4.298984053600999999e+01
5.625000000000000000e-01 2.119865016404000073e+02 4.280371519319999862e+01
5.675000000000000044e-01 2.091445266551999964e+02 4.218922872937000079e+01
5.725000000000000089e-01 2.042013893936000102e+02 3.593873074390999989e+01
5.775000000000000133e-01 1.991676900463000095e+02 3.505809761780000144e+01
5.825000000000000178e-01 1.963356447433999961e+02 3.101126401544999922e+01
5.875000000000000222e-01 1.932828448106000110e+02 3.015011255110000121e+01
5.925000000000000266e-01 1.892572918614000059e+02 2.877469783472999865e+01
5.975000000000000311e-01 1.871064935999999932e+02 2.569023921229999985e+01
6.025000000000000355e-01 1.819990949854000064e+02 2.661006689550999837e+01
6.075000000000000400e-01 1.801956023978999895e+02 2.158559013728000053e+01
6.125000000000000444e-01 1.769669585279000046e+02 2.310639861757000091e+01
6.175000000000000488e-01 1.737876843374999964e+02 2.215172987483000000e+01
6.225000000000000533e-01 1.703789082392999887e+02 1.847023677410000175e+01
6.274999999999999467e-01 1.681062791957999991e+02 1.708098896153000013e+01
6.324999999999999512e-01 1.648580635986999994e+02 1.758388434191000016e+01
6.374999999999999556e-01 1.621342778730999896e+02 1.681942431188999976e+01
6.424999999999999600e-01 1.601331381024999985e+02 1.514260647699000017e+01
6.474999999999999645e-01 1.574424842361000003e+02 1.630206587938999974e+01
6.524999999999999689e-01 1.539648179470000002e+02 1.341806100159000081e+01
6.574999999999999734e-01 1.532299256640999943e+02 1.030697248629999940e+01
6.624999999999999778e-01 1.504924157949999994e+02 1.126714779683000067e+01
6.674999999999999822e-01 1.480193450810999991e+02 8.096256438768000052e+00
6.724999999999999867e-01 1.452183669153999972e+02 1.240221274910999938e+01
6.774999999999999911e-01 1.425338239078000129e+02 8.637184857739999444e+00
6.824999999999999956e-01 1.401322785087000113e+02 6.100588695939999972e+00
6.875000000000000000e-01 1.390077877164000029e+02 6.909621890817000178e+00
6.925000000000000044e-01 1.364564949017000117e+02 3.521899255307999965e+00
6.975000000000000089e-01 1.341037005912999973e+02 3.024111376182000210e+00
7.025000000000000133e-01 1.322836542638999902e+02 1.503345910291000065e+00
7.075000000000000178e-01 1.296294945903999860e+02 1.689424526268999971e+00
7.125000000000000222e-01 1.287175426445000141e+02 2.299814799202000160e+00
7.175000000000000266e-01 1.257833400503999997e+02 1.224227625618000026e+00
7.225000000000000311e-01 1.246000088093999949e+02 -1.216298786862000103e+00
7.275000000000000355e-01 1.237005078016999988e+02 -3.939522138028999976e+00
7.325000000000000400e-01 1.219355058800999956e+02 -1.835506112058000072e+00
7.375000000000000444e-01 1.196182222601999996e+02 -3.453688653222000138e+00
7.425000000000000488e-01 1.179519071329000042e+02 -1.845795963934999895e+00
7.475000000000000533e-01 1.163792351984999982e+02 -3.257989376032000006e+00
7.524999999999999467e-01 1.144983800617000043e+02 -6.071155590550000092e+00
7.574999999999999512e-01 1.138147231609000016e+02 -5.185852135342999603e+00
7.624999999999999556e-01 1.116700780084999991e+02 -4.802005612802999757e+00
7.674999999999999600e-01 1.092251591163999933e+02 -7.838925268288999604e+00
7.724999999999999645e-01 1.075404681073000006e+02 -6.185874456344000016e+00
7.774999999999999689e-01 1.059254168260000029e+02 -7.237147897246000383e+00
7.824999999999999734e-01 1.057146295720000069e+02 -6.989272493616000226e+00
7.874999999999999778e-01 1.041412035399000047e+02 -8.178935663394000244e+00
7.924999999999999822e-01 1.032440171748000068e+02 -8.843891731516000831e+00
7.974999999999999867e-01 1.012588970685000049e+02 -8.928011497296999721e+00
