2.500000000000000052e-03 1.555939437895000083e+04 3.426545223889000044e+04
7.499999999999999722e-03 1.542458757510000032e+04 7.073451027944000089e+03
1.250000000000000069e-02 1.792108117616999880e+04 1.106325867579999976e+04
1.750000000000000167e-02 1.886271994549000010e+04 1.289784394640999926e+04
2.249999999999999917e-02 1.888409540045999893e+04 1.370700294648000090e+04
2.750000000000000014e-02 1.601789319258000069e+04 1.410937738691000050e+04
3.250000000000000111e-02 1.440364431709000019e+04 1.173028826859999936e+04
3.749999999999999861e-02 1.317248841976000040e+04 1.045096006909000062e+04
4.250000000000000305e-02 1.146884026420000009e+04 8.863944785978999789e+03
4.750000000000000056e-02 1.000773046955000063e+04 7.925364040829000260e+03
5.249999999999999806e-02 9.499734185699999216e+03 6.806425369993999993e+03
5.750000000000000250e-02 8.670999427644999741e+03 6.105067525098000260e+03
6.250000000000000000e-02 8.304136717355000656e+03 6.433785346718999790e+03
6.750000000000000444e-02 7.798984580420999919e+03 5.681502057919999970e+03
7.249999999999999500e-02 7.244470785374000116e+03 5.253141803018000246e+03
7.749999999999999944e-02 6.543920152229999985e+03 4.304851136674000372e+03
8.250000000000000389e-02 6.139775086290000218e+03 4.722476770704999581e+03
8.749999999999999445e-02 5.509513849521000338e+03 3.833035413503000200e+03
9.249999999999999889e-02 4.886877210767000179e+03 3.474704605522999827e+03
9.750000000000000333e-02 4.573285460353000417e+03 3.356872826360000090e+03
1.024999999999999939e-01 4.208854803336000259e+03 3.127755720392000057e+03
1.074999999999999983e-01 3.889194656341000154e+03 2.975336844624000150e+03
1.125000000000000028e-01 3.649462050694000027e+03 2.575654735879999862e+03
1.174999999999999933e-01 3.538574699461999899e+03 2.608360359857999811e+03
1.224999999999999978e-01 3.335533112781000000e+03 2.334029396518999874e+03
1.275000000000000022e-01 3.219215638182000021e+03 2.264518986252000104e+03
1.325000000000000067e-01 3.096144417957999849e+03 2.080423616828999911e+03
1.375000000000000111e-01 2.894660974847000034e+03 2.021584077121000064e+03
1.424999999999999878e-01 2.736847866142999919e+03 1.910579712971999925e+03
1.474999999999999922e-01 2.541303065492999849e+03 1.714939244912000049e+03
1.524999999999999967e-01 2.357758099077000224e+03 1.629070849493999958e+03
1.575000000000000011e-01 2.224942250090000016e+03 1.546125591201999896e+03
1.625000000000000056e-01 2.120071148856000036e+03 1.538839953653000066e+03
1.675000000000000100e-01 2.008941811865000091e+03 1.383579975984999919e+03
1.724999999999999867e-01 1.885638269048999973e+03 1.263396737097999903e+03
1.774999999999999911e-01 1.831993004059999976e+03 1.205774851909000063e+03
1.824999999999999956e-01 1.734020863122000037e+03 1.109668004868000025e+03
1.875000000000000000e-01 1.693260866891999967e+03 1.067920256863000077e+03
1.925000000000000044e-01 1.637348325853000006e+03 1.036760599928999909e+03
1.975000000000000089e-01 1.573208762969999952e+03 1.004542074987999968e+03
2.025000000000000133e-01 1.510454563434999955e+03 9.776293935666000152e+02
2.074999999999999900e-01 1.440222792684000069e+03 9.197446610225000541e+02
2.124999999999999944e-01 1.362973937214999978e+03 9.136133752946999493e+02
2.174999999999999989e-01 1.305671293088000084e+03 8.237578557724000348e+02
2.225000000000000033e-01 1.257209866268000042e+03 7.813773438038000450e+02
2.275000000000000078e-01 1.198006558932999951e+03 7.490883386333999852e+02
2.325000000000000122e-01 1.156896307999000101e+03 7.400563998523999771e+02
2.374999999999999889e-01 1.112093712123999921e+03 6.975026322978000053e+02
2.424999999999999933e-01 1.078849027032000095e+03 6.345819221556999992e+02
2.474999999999999978e-01 1.044202428118999933e+03 6.362405394587999581e+02
2.525000000000000022e-01 1.009150400640000043e+03 5.895860376954000230e+02
2.575000000000000067e-01 9.739421168124999895e+02 5.993209439454000176e+02
2.625000000000000111e-01 9.392121198659000356e+02 5.423841703401999439e+02
2.675000000000000155e-01 9.094828905957999723e+02 5.196386150747999864e+02
2.725000000000000200e-01 8.764424045803999661e+02 5.007382901031999722e+02
2.775000000000000244e-01 8.433389312241999960e+02 4.653268358353000167e+02
2.824999999999999734e-01 8.205251856177000036e+02 4.687068165088999763e+02
2.874999999999999778e-01 7.989927318628999728e+02 4.486380053758999793e+02
2.924999999999999822e-01 7.676113560687999779e+02 4.380303973083999836e+02
2.974999999999999867e-01 7.461340545258000247e+02 4.048159572988000150e+02
3.024999999999999911e-01 7.256263114132999590e+02 3.884198659499999735e+02
3.074999999999999956e-01 7.009879703080999889e+02 3.923830482733999929e+02
3.125000000000000000e-01 6.799146378857000173e+02 3.543736499304000063e+02
3.175000000000000044e-01 6.554884184723000544e+02 3.413379410247000010e+02
3.225000000000000089e-01 6.395056386277999536e+02 3.425908933832000116e+02
3.275000000000000133e-01 6.252688616676999800e+02 3.118895255730000144e+02
3.325000000000000178e-01 6.012305192423000335e+02 3.071800503148999724e+02
3.375000000000000222e-01 5.825421688359999735e+02 2.951556985714000234e+02
3.425000000000000266e-01 5.742625847831000101e+02 2.894572916011999837e+02
3.474999999999999756e-01 5.532469247673000154e+02 2.699187889416999724e+02
3.524999999999999800e-01 5.369784443876000068e+02 2.657958511296000097e+02
3.574999999999999845e-01 5.265214493201999630e+02 2.501089873146999878e+02
3.624999999999999889e-01 5.115995706324999901e+02 2.325486734248000005e+02
3.674999999999999933e-01 4.935480177175999756e+02 2.256357294999999965e+02
3.724999999999999978e-01 4.840454431653000142e+02 2.218973407059000067e+02
3.775000000000000022e-01 4.706173983813999939e+02 2.089564607091000141e+02
3.825000000000000067e-01 4.624045083203000104e+02 2.014813095105000116e+02
3.875000000000000111e-01 4.506410314322000090e+02 1.962119769493000092e+02
3.925000000000000155e-01 4.343044677882999736e+02 1.826674948703000041e+02
3.975000000000000200e-01 4.257157292719999759e+02 1.799183165142000007e+02
4.025000000000000244e-01 4.139568135265000137e+02 1.640854820826999969e+02
4.074999999999999734e-01 4.047889094303000093e+02 1.617218601748000140e+02
4.124999999999999778e-01 3.941096343555000203e+02 1.557800013574000104e+02
4.174999999999999822e-01 3.903479020074000232e+02 1.485950845048000133e+02
4.224999999999999867e-01 3.781481476010000051e+02 1.492867005335999977e+02
4.274999999999999911e-01 3.686964241379999976e+02 1.404356078742000022e+02
4.324999999999999956e-01 3.620461379335999936e+02 1.299291576880999912e+02
4.375000000000000000e-01 3.502966969692000134e+02 1.302003651539000089e+02
4.425000000000000044e-01 3.468676463936999994e+02 1.243915629681000041e+02
4.475000000000000089e-01 3.372491298705999725e+02 1.208720947814999960e+02
4.525000000000000133e-01 3.279652087090000236e+02 1.137314508177999954e+02
4.575000000000000178e-01 3.223577460696000117e+02 1.160003740087000068e+02
4.625000000000000222e-01 3.170387636968000038e+02 1.040200810664999977e+02
4.675000000000000266e-01 3.064063879932999725e+02 1.006661696399000050e+02
4.724999999999999756e-01 3.014344522121999717e+02 9.793835788036000167e+01
4.774999999999999800e-01 2.959008686197000202e+02 9.131655855415000644e+01
4.824999999999999845e-01 2.893194358906000048e+02 8.929046520304000012e+01
4.874999999999999889e-01 2.811123468645999992e+02 8.052724900405000596e+01
4.924999999999999933e-01 2.766255280676999746e+02 7.909354939889000491e+01
4.974999999999999978e-01 2.721394597958000077e+02 7.969398438017999808e+01
5.024999999999999467e-01 2.651041142156000205e+02 7.811835272189999557e+01
5.074999999999999512e-01 2.606250566183999808e+02 7.084030916032000391e+01
5.124999999999999556e-01 2.560640036530999737e+02 6.471502254818000210e+01
5.174999999999999600e-01 2.485960751197000036e+02 6.041943367161000111e+01
5.224999999999999645e-01 2.465545204455999908e+02 6.215487184117999675e+01
5.274999999999999689e-01 2.412223606162999943e+02 5.574098587153000040e+01
5.324999999999999734e-01 2.361396035644999927e+02 5.188719693739000149e+01
5.374999999999999778e-01 2.313089887883000131e+02 4.960420943268999849e+01
5.424999999999999822e-01 2.271333830510000098e+02 5.193124286596999895e+01
5.474999999999999867e-01 2.219636706539999977e+02 4.890866281676999705e+01
5.524999999999999911e-01 2.187570009984000023e+02 4.749446230472000252e+01
5.574999999999999956e-01 2.156252264377000074e+02 4.430565565010000029e+01
5.625000000000000000e-01 2.117398345283000083e+02 4.079113421430999864e+01
5.675000000000000044e-01 2.072642753691999928e+02 3.815231388923999845e+01
5.725000000000000089e-01 2.043011296438999977e+02 3.486260458387999961e+01
5.775000000000000133e-01 1.981593716236999967e+02 3.341378474449999914e+01
5.825000000000000178e-01 1.964516311518000009e+02 3.068481257402000040e+01
5.875000000000000222e-01 1.905661104451000085e+02 3.123641044061999850e+01
5.925000000000000266e-01 1.888752634267999895e+02 2.860485383473000098e+01
5.975000000000000311e-01 1.872166118387000040e+02 2.532507492930999859e+01
6.025000000000000355e-01 1.845239309981000133e+02 2.594060369904000041e+01
6.075000000000000400e-01 1.809799781861999861e+02 2.223751569139999873e+01
6.125000000000000444e-01 1.779126036655000007e+02 2.396573616835999943e+01
6.175000000000000488e-01 1.733028001906000100e+02 2.114761974366999908e+01
6.225000000000000533e-01 1.722297444134999864e+02 1.730057496817000029e+01
6.274999999999999467e-01 1.683086076541999887e+02 1.893745187422999976e+01
6.324999999999999512e-01 1.647332885652000130e+02 1.565875193473000060e+01
6.374999999999999556e-01 1.630367968426999994e+02 1.554646400518999982e+01
6.424999999999999600e-01 1.599116883309999935e+02 9.810938744726000138e+00
6.474999999999999645e-01 1.588820032332000096e+02 1.009443683177000040e+01
6.524999999999999689e-01 1.564014315471000032e+02 1.364829123308000014e+01
6.574999999999999734e-01 1.516353246223000042e+02 8.059653781358999680e+00
6.624999999999999778e-01 1.504003588129999969e+02 7.061500003602000142e+00
6.674999999999999822e-01 1.478039487421000047e+02 5.266507345135999607e+00
6.724999999999999867e-01 1.457410268753999958e+02 5.235145219391999838e+00
6.774999999999999911e-01 1.426637247822000063e+02 7.014376507337000355e+00
6.824999999999999956e-01 1.409781958737000025e+02 4.716305139113000422e+00
6.875000000000000000e-01 1.399497122498000010e+02 3.068413037333999949e+00
6.925000000000000044e-01 1.363771642961999930e+02 2.511370254455000062e+00
6.975000000000000089e-01 1.359017448737999985e+02 1.279704224760999987e+00
7.025000000000000133e-01 1.323532792263999909e+02 -4.948973551031000118e-01
7.075000000000000178e-01 1.297658176591000085e+02 7.999477449697000031e-01
7.125000000000000222e-01 1.296628662248000126e+02 -1.375993606608999942e+00
7.175000000000000266e-01 1.279828763473000066e+02 -1.640864695994999956e+00
7.225000000000000311e-01 1.252475981120000057e+02 -2.766849960944000042e+00
7.275000000000000355e-01 1.237254033748999973e+02 -3.304586427440999952e+00
7.325000000000000400e-01 1.212491916312999933e+02 -1.577021558371999976e+00
7.375000000000000444e-01 1.203817008611000006e+02 -2.123247637473999916e+00
7.425000000000000488e-01 1.176006392868000034e+02 -3.759227630499000217e+00
7.475000000000000533e-01 1.164927371858999976e+02 -3.963088821952000185e+00
7.524999999999999467e-01 1.152216291666999979e+02 -5.040313834184000363e+00
7.574999999999999512e-01 1.134710439420999961e+02 -6.180600154261999712e+00
7.624999999999999556e-01 1.128777883902999974e+02 -6.110599930070000241e+00
7.674999999999999600e-01 1.101973997017999949e+02 -7.220841615361999644e+00
7.724999999999999645e-01 1.092029526771000008e+02 -5.680479934876999870e+00
7.774999999999999689e-01 1.075660276700999987e+02 -8.312707059253000352e+00
7.824999999999999734e-01 1.055394054414000067e+02 -9.983918447742999192e+00
7.874999999999999778e-01 1.046229772287999964e+02 -1.150031775409000012e+01
7.924999999999999822e-01 1.025220632900000055e+02 -9.160530709710000608e+00
7.974999999999999867e-01 1.016338507459000056e+02 -9.312550580090000807e+00
