2.500000000000000052e-03 1.938882098454000152e+04 1.159827832805000071e+04
7.499999999999999722e-03 1.611393477354000061e+04 7.817623091637999551e+02
1.250000000000000069e-02 1.875131208675000016e+04 1.070245484389999910e+04
1.750000000000000167e-02 1.790235413898999832e+04 1.427718762934000006e+04
2.249999999999999917e-02 1.820789217416999963e+04 1.315434332840999923e+04
2.750000000000000014e-02 1.640637217601999873e+04 1.316643698161999964e+04
3.250000000000000111e-02 1.472620913859000029e+04 1.054779997727999944e+04
3.749999999999999861e-02 1.270786872389999917e+04 8.307688328657999591e+03
4.250000000000000305e-02 1.162651949862999936e+04 8.266996962888000780e+03
4.750000000000000056e-02 1.071552370397999948e+04 8.517423730242000602e+03
5.249999999999999806e-02 9.526559665361999578e+03 7.621738124950999918e+03
5.750000000000000250e-02 8.551023679694000748e+03 6.335902274987999590e+03
6.250000000000000000e-02 8.220568512149000526e+03 5.289553562776000035e+03
6.750000000000000444e-02 7.691166507453999657e+03 6.050293652338000356e+03
7.249999999999999500e-02 7.217465043076999791e+03 5.308870454425000389e+03
7.749999999999999944e-02 6.685480107108999619e+03 4.791773096848000023e+03
8.250000000000000389e-02 5.981214396667000074e+03 4.400744827116000124e+03
8.749999999999999445e-02 5.463415259489000164e+03 3.967694108839999899e+03
9.249999999999999889e-02 5.010487905273999786e+03 3.807389741479999884e+03
9.750000000000000333e-02 4.536000289825999971e+03 3.326808901866999804e+03
1.024999999999999939e-01 4.104107881629000076e+03 3.086557044877999942e+03
1.074999999999999983e-01 3.878796601585000190e+03 2.697469579675000205e+03
1.125000000000000028e-01 3.772447014283000044e+03 2.664217814559000090e+03
1.174999999999999933e-01 3.571187425689000065e+03 2.575274446623000131e+03
1.224999999999999978e-01 3.366993714748999992e+03 2.442688954908000142e+03
1.275000000000000022e-01 3.226215928516000076e+03 2.371424521036999977e+03
1.325000000000000067e-01 3.077235242979999839e+03 2.166923419147999994e+03
1.375000000000000111e-01 2.916180662691000180e+03 1.971316557009999997e+03
1.424999999999999878e-01 2.744169527874999858e+03 1.919356859817999975e+03
1.474999999999999922e-01 2.551614211745999910e+03 1.723010184091999918e+03
1.524999999999999967e-01 2.371706696088000172e+03 1.751020925269999907e+03
1.575000000000000011e-01 2.252837317351999900e+03 1.555617058434999990e+03
1.625000000000000056e-01 2.101109300209000139e+03 1.454834236891000046e+03
1.675000000000000100e-01 1.970303452604000086e+03 1.315794777061000104e+03
1.724999999999999867e-01 1.895063072194999904e+03 1.295897593530999984e+03
1.774999999999999911e-01 1.826387734925999894e+03 1.245585647358999950e+03
1.824999999999999956e-01 1.757942787126999974e+03 1.086134617439000067e+03
1.875000000000000000e-01 1.699402626053999938e+03 1.143219364692999989e+03
1.925000000000000044e-01 1.626794036996999921e+03 1.048560985608000010e+03
1.975000000000000089e-01 1.567404343840999900e+03 9.996966413415000261e+02
2.025000000000000133e-01 1.502029994486000078e+03 9.219565175302000171e+02
2.074999999999999900e-01 1.421024399502000051e+03 9.316170326477999879e+02
2.124999999999999944e-01 1.368089583062999964e+03 8.551695625449999625e+02
2.174999999999999989e-01 1.306700527886999907e+03 8.264334498261999897e+02
2.225000000000000033e-01 1.251833182999999963e+03 7.470278989698000487e+02
2.275000000000000078e-01 1.197284705962000089e+03 7.609813014848000421e+02
2.325000000000000122e-01 1.152032761407999942e+03 7.287743904577999956e+02
2.374999999999999889e-01 1.113384447695000063e+03 7.206129397915999562e+02
2.424999999999999933e-01 1.077765328622999959e+03 6.642780228307000243e+02
2.474999999999999978e-01 1.039068548261999922e+03 6.313094089595999776e+02
2.525000000000000022e-01 1.012947980289000043e+03 6.149575852044999920e+02
2.575000000000000067e-01 9.795954919989000018e+02 5.922387606669000206e+02
2.625000000000000111e-01 9.414371422970000367e+02 5.672260802299999796e+02
2.675000000000000155e-01 9.153013035881999713e+02 5.265245961355999498e+02
2.725000000000000200e-01 8.755963300280000112e+02 4.996802228500999945e+02
2.775000000000000244e-01 8.520219876585999828e+02 4.896088288816999921e+02
2.824999999999999734e-01 8.212898700783999857e+02 4.663802502324999750e+02
2.874999999999999778e-01 7.966149265256999570e+02 4.455790799839999750e+02
2.924999999999999822e-01 7.707509671732000243e+02 4.343970893419000276e+02
2.974999999999999867e-01 7.372093096728999626e+02 4.055958808551999937e+02
3.024999999999999911e-01 7.280323883091000425e+02 4.055800411288000191e+02
3.074999999999999956e-01 6.984750347691999650e+02 3.900137564400999963e+02
3.125000000000000000e-01 6.685293162985000208e+02 3.514791660579999757e+02
3.175000000000000044e-01 6.630262254018000476e+02 3.523912815757000203e+02
3.225000000000000089e-01 6.373526852026999450e+02 3.277550896994000027e+02
3.275000000000000133e-01 6.155569992440000533e+02 3.274093422299000053e+02
3.325000000000000178e-01 6.017593620443000191e+02 3.022153066642999875e+02
3.375000000000000222e-01 5.883975477093000563e+02 3.015652286252999943e+02
3.425000000000000266e-01 5.667805387557000358e+02 2.876092036788999735e+02
3.474999999999999756e-01 5.534629169590999709e+02 2.718162171899999748e+02
3.524999999999999800e-01 5.427662207675000445e+02 2.627577047130999972e+02
3.574999999999999845e-01 5.249010533829999758e+02 2.401670656594000093e+02
3.624999999999999889e-01 5.088012943447999987e+02 2.425901456802999974e+02
3.674999999999999933e-01 4.948851897870000016e+02 2.376557681984000112e+02
3.724999999999999978e-01 4.858407985942999971e+02 2.240084526999999923e+02
3.775000000000000022e-01 4.690779817177000268e+02 2.125587065251000070e+02
3.825000000000000067e-01 4.637815857927000138e+02 2.060550571821999881e+02
3.875000000000000111e-01 4.491409519767000234e+02 1.990222707359999958e+02
3.925000000000000155e-01 4.372019597203000103e+02 1.953589607426000043e+02
3.975000000000000200e-01 4.252185113085000125e+02 1.754580317829999956e+02
4.025000000000000244e-01 4.160697993968000219e+02 1.753707698650999873e+02
4.074999999999999734e-01 4.030882336378999753e+02 1.688965738011000042e+02
4.124999999999999778e-01 3.965540919100999986e+02 1.555526461951000101e+02
4.174999999999999822e-01 3.884773702708999963e+02 1.538518406818000130e+02
4.224999999999999867e-01 3.785455949947000249e+02 1.427591650886000139e+02
4.274999999999999911e-01 3.679794802914000229e+02 1.490759164398999985e+02
4.324999999999999956e-01 3.587808588194999970e+02 1.339239813231999960e+02
4.375000000000000000e-01 3.502086812434999956e+02 1.270725706678999956e+02
4.425000000000000044e-01 3.485336715555000069e+02 1.288932149524000010e+02
4.475000000000000089e-01 3.383656797775000200e+02 1.190967733097999997e+02
4.525000000000000133e-01 3.275498876075000112e+02 1.104996455849999961e+02
4.575000000000000178e-01 3.205719986048999885e+02 1.055806675648999970e+02
4.625000000000000222e-01 3.187879556257000218e+02 1.057331043798999985e+02
4.675000000000000266e-01 3.088868032092000249e+02 1.036457620061000000e+02
4.724999999999999756e-01 3.015778906667000001e+02 9.312723225199999888e+01
4.774999999999999800e-01 2.919680220147000114e+02 9.169366285745999789e+01
4.824999999999999845e-01 2.896980100679999737e+02 8.838816531570999757e+01
4.874999999999999889e-01 2.837436046655000155e+02 9.161018762307999452e+01
4.924999999999999933e-01 2.787276941964000230e+02 8.338631704658000388e+01
4.974999999999999978e-01 2.713912119066999935e+02 7.769126353906000304e+01
5.024999999999999467e-01 2.669239900654999929e+02 7.333161526268000330e+01
5.074999999999999512e-01 2.609313240745000257e+02 7.002475787765000348e+01
5.124999999999999556e-01 2.553008311607999872e+02 6.552308826931999874e+01
5.174999999999999600e-01 2.495990265782999984e+02 5.952395257314000077e+01
5.224999999999999645e-01 2.445497798581999973e+02 5.493934922222999973e+01
5.274999999999999689e-01 2.420406578959000115e+02 6.361897272150999783e+01
5.324999999999999734e-01 2.373028494842000100e+02 5.717795425260000286e+01
5.374999999999999778e-01 2.319527192159000037e+02 5.397819928586999794e+01
5.424999999999999822e-01 2.277909233713000106e+02 4.614978487087000047e+01
5.474999999999999867e-01 2.237889605391999908e+02 4.651893155151999792e+01
5.524999999999999911e-01 2.193544451957999968e+02 4.760046697493000067e+01
5.574999999999999956e-01 2.145779463211000007e+02 3.923867428313999994e+01
5.625000000000000000e-01 2.112146088394999879e+02 4.038223468171000263e+01
5.675000000000000044e-01 2.081326681275999988e+02 3.417493571347999648e+01
5.725000000000000089e-01 2.027123309270000107e+02 3.685150043976999967e+01
5.775000000000000133e-01 2.006776658645999873e+02 3.856824381119999856e+01
5.825000000000000178e-01 1.949405000156999961e+02 3.357752802899999978e+01
5.875000000000000222e-01 1.908290050431999987e+02 3.396846001969999662e+01
5.925000000000000266e-01 1.894210758940000119e+02 3.253943268420999857e+01
5.975000000000000311e-01 1.863320031275000019e+02 2.561785482419999838e+01
6.025000000000000355e-01 1.824255476550000026e+02 2.423191309378999847e+01
6.075000000000000400e-01 1.803673039283999913e+02 2.385013523890999920e+01
6.125000000000000444e-01 1.769755407687999877e+02 2.271593653316000072e+01
6.175000000000000488e-01 1.732479872289999889e+02 2.293712268516999941e+01
6.225000000000000533e-01 1.715710775859000137e+02 2.014942987647999928e+01
6.274999999999999467e-01 1.683034984196000039e+02 1.551172563605000043e+01
6.324999999999999512e-01 1.639260944266999900e+02 1.377021109868999993e+01
6.374999999999999556e-01 1.626992714785000089e+02 1.664878466265000156e+01
6.424999999999999600e-01 1.607420133571000065e+02 1.164469033776000018e+01
6.474999999999999645e-01 1.585419175602999928e+02 1.256891051929999925e+01
6.524999999999999689e-01 1.541793454888999975e+02 1.442460971186999963e+01
6.574999999999999734e-01 1.517561015070999986e+02 1.029713929182000065e+01
6.624999999999999778e-01 1.502755548199999964e+02 6.193015876001999764e+00
6.674999999999999822e-01 1.468631838336000044e+02 1.155290331159999972e+01
6.724999999999999867e-01 1.447637690782999869e+02 7.298180265582000281e+00
6.774999999999999911e-01 1.418989567993000094e+02 5.151413928887000004e+00
6.824999999999999956e-01 1.400968463698999926e+02 5.388087015796999779e+00
6.875000000000000000e-01 1.396808470907000128e+02 5.175411224829000290e+00
6.925000000000000044e-01 1.354934002171999907e+02 1.640427785018000018e+00
6.975000000000000089e-01 1.344824675771999978e+02 1.072597834401000094e+00
7.025000000000000133e-01 1.337129262608999909e+02 -6.570087088118999885e-01
7.075000000000000178e-01 1.307768005609999875e+02 2.894556518002000089e+00
7.125000000000000222e-01 1.292483133284999894e+02 -1.349490298956999901e+00
7.175000000000000266e-01 1.255121419416999942e+02 -5.319703959004999927e-01
7.225000000000000311e-01 1.243544229709000035e+02 -3.570235744420999779e-01
7.275000000000000355e-01 1.227680068350999960e+02 -6.107442819555000124e-01
7.325000000000000400e-01 1.225107258798999936e+02 -2.559190472916000214e+00
7.375000000000000444e-01 1.201876095675000045e+02 -2.583898440236000127e+00
7.425000000000000488e-01 1.179879395141999936e+02 -3.179413443028999975e+00
7.475000000000000533e-01 1.161707593484999990e+02 -3.533303018840999954e+00
7.524999999999999467e-01 1.151557579220000065e+02 -5.501290520160000419e+00
7.574999999999999512e-01 1.122644282866999959e+02 -5.849851361459999843e+00
7.624999999999999556e-01 1.116077689171000031e+02 -3.230389830041000110e+00
7.674999999999999600e-01 1.103703783244999954e+02 -5.179589041678999806e+00
7.724999999999999645e-01 1.079126719860000065e+02 -8.786681079094000424e+00
7.774999999999999689e-01 1.075097164397000000e+02 -1.051141384053999950e+01
7.824999999999999734e-01 1.052434134357999937e+02 -5.456493691739000340e+00
7.874999999999999778e-01 1.047165308014999994e+02 -8.373354095479999870e+00
7.924999999999999822e-01 1.033477393677000009e+02 -9.085843646021000808e+00
7.974999999999999867e-01 1.010762645917999976e+02 -1.015073641390000070e+01
