2.500000000000000052e-03 7.848583202474999780e+03 1.160255592058000002e+04
7.499999999999999722e-03 1.396328725105999911e+04 1.077522898370999974e+04
1.250000000000000069e-02 1.676164451200999974e+04 1.046937078868999924e+04
1.750000000000000167e-02 2.091397301202000017e+04 1.980642812060000142e+04
2.249999999999999917e-02 1.916217869612999857e+04 1.498885680128000058e+04
2.750000000000000014e-02 1.745469022513000164e+04 1.228285244591000082e+04
3.250000000000000111e-02 1.388574340123000002e+04 8.493149506206000297e+03
3.749999999999999861e-02 1.290090892465000070e+04 1.077132458933000089e+04
4.250000000000000305e-02 1.131393558748000032e+04 8.808802269793999585e+03
4.750000000000000056e-02 1.013112412020999909e+04 7.880331907744000091e+03
5.249999999999999806e-02 9.447801020966000578e+03 7.228840129819999675e+03
5.750000000000000250e-02 8.698992994326999906e+03 6.895893816554999830e+03
6.250000000000000000e-02 8.454697493977999329e+03 5.900812658716000442e+03
6.750000000000000444e-02 7.891981198092000341e+03 5.519875798109000243e+03
7.249999999999999500e-02 7.368046465639999951e+03 5.560569466769000428e+03
7.749999999999999944e-02 6.762622240855000200e+03 5.182638325007999811e+03
8.250000000000000389e-02 6.073754882127999736e+03 4.276843033414999809e+03
8.749999999999999445e-02 5.496046660447999784e+03 4.223385076579000270e+03
9.249999999999999889e-02 4.890932783068999925e+03 3.629914362573999824e+03
9.750000000000000333e-02 4.417312301793999723e+03 3.111036782401999972e+03
1.024999999999999939e-01 4.127295600034999552e+03 2.956647255550999944e+03
1.074999999999999983e-01 3.939676162996000130e+03 3.008755308209999839e+03
1.125000000000000028e-01 3.665136545106000085e+03 2.530111590633000105e+03
1.174999999999999933e-01 3.459879888223999842e+03 2.581311381042999983e+03
1.224999999999999978e-01 3.376555635452999923e+03 2.352277662939000038e+03
1.275000000000000022e-01 3.208219945806999931e+03 2.274197984027000075e+03
1.325000000000000067e-01 3.043507920582000224e+03 2.066603642867999952e+03
1.375000000000000111e-01 2.908479067482000119e+03 1.930431083939000018e+03
1.424999999999999878e-01 2.750100847832999989e+03 1.801608025069999940e+03
1.474999999999999922e-01 2.529658504891000121e+03 1.748235955113000045e+03
1.524999999999999967e-01 2.400708779128000060e+03 1.689168489853999972e+03
1.575000000000000011e-01 2.240640378354999939e+03 1.513378011475999983e+03
1.625000000000000056e-01 2.088338957140999810e+03 1.444655084593000083e+03
1.675000000000000100e-01 2.020134978188000105e+03 1.384347439319999921e+03
1.724999999999999867e-01 1.918948834542999975e+03 1.322603456738999967e+03
1.774999999999999911e-01 1.834717631428999994e+03 1.213286150227000007e+03
1.824999999999999956e-01 1.757688804612000013e+03 1.236531218046000049e+03
1.875000000000000000e-01 1.707975877016999902e+03 1.170038989171999901e+03
1.925000000000000044e-01 1.627320009237000022e+03 1.026140553203000081e+03
1.975000000000000089e-01 1.576080106031000014e+03 1.048379055520000065e+03
2.025000000000000133e-01 1.517668924290999939e+03 9.316529282249999824e+02
2.074999999999999900e-01 1.427309384419000025e+03 8.993515521781999951e+02
2.124999999999999944e-01 1.382013521161999961e+03 8.836149483005999627e+02
2.174999999999999989e-01 1.308963048246999961e+03 8.088858185399999456e+02
2.225000000000000033e-01 1.251541956195000012e+03 7.777925024759999815e+02
2.275000000000000078e-01 1.200247021978000021e+03 7.416557308994999858e+02
2.325000000000000122e-01 1.151335454573000106e+03 7.396103158350000513e+02
2.374999999999999889e-01 1.111347366330000114e+03 6.684500749431000486e+02
2.424999999999999933e-01 1.075769533758000080e+03 6.869908636797999861e+02
2.474999999999999978e-01 1.039962640117000092e+03 6.503971537973000068e+02
2.525000000000000022e-01 1.010715323226000010e+03 6.116778622123000559e+02
2.575000000000000067e-01 9.755625190022000197e+02 5.725216462849000436e+02
2.625000000000000111e-01 9.470702982389999534e+02 5.404894968145999883e+02
2.675000000000000155e-01 9.060607653178000191e+02 5.386210294111000394e+02
2.725000000000000200e-01 8.699910713335999617e+02 5.025362461730999826e+02
2.775000000000000244e-01 8.521847035503000143e+02 4.905680756561999942e+02
2.824999999999999734e-01 8.227465020209000386e+02 4.672610954191000019e+02
2.874999999999999778e-01 7.887111244962000001e+02 4.491579083601999969e+02
2.924999999999999822e-01 7.626239173935999816e+02 4.185351546575000157e+02
2.974999999999999867e-01 7.453165800386999535e+02 4.278699556096000265e+02
3.024999999999999911e-01 7.227364463773000125e+02 4.111985191864000058e+02
3.074999999999999956e-01 6.937483402374000434e+02 3.651565649016000066e+02
3.125000000000000000e-01 6.818897442851999813e+02 3.647799899560999961e+02
3.175000000000000044e-01 6.540437534456999629e+02 3.385786695026999951e+02
3.225000000000000089e-01 6.394135535921000155e+02 3.350563933183000245e+02
3.275000000000000133e-01 6.268590463358999614e+02 3.266662080350000110e+02
3.325000000000000178e-01 6.043165993441000410e+02 2.936287946406999936e+02
3.375000000000000222e-01 5.876127185489999647e+02 2.933127438654000230e+02
3.425000000000000266e-01 5.699270210864000319e+02 2.859910581633999982e+02
3.474999999999999756e-01 5.542042567111999460e+02 2.659827398685000048e+02
3.524999999999999800e-01 5.393609227251999982e+02 2.616578200197000115e+02
3.574999999999999845e-01 5.267104076053000199e+02 2.579611798167999837e+02
3.624999999999999889e-01 5.140737879831000328e+02 2.445511112815999866e+02
3.674999999999999933e-01 5.005978028996000262e+02 2.318426631636999957e+02
3.724999999999999978e-01 4.816238962546000266e+02 2.222409953108999900e+02
3.775000000000000022e-01 4.731380084560000228e+02 2.132647530712000048e+02
3.825000000000000067e-01 4.609411486481999987e+02 2.055494045549999953e+02
3.875000000000000111e-01 4.482943925706999835e+02 2.036068305601000077e+02
3.925000000000000155e-01 4.392217891577000159e+02 1.957221740951000015e+02
3.975000000000000200e-01 4.277101273650999929e+02 1.829105267680000111e+02
4.025000000000000244e-01 4.164526268097000070e+02 1.710601061732999995e+02
4.074999999999999734e-01 3.989497076930999810e+02 1.601247992735000025e+02
4.124999999999999778e-01 3.985075664258999950e+02 1.574309518071000014e+02
4.174999999999999822e-01 3.882991481418000035e+02 1.515333003496999993e+02
4.224999999999999867e-01 3.763591713757999742e+02 1.430632664171000101e+02
4.274999999999999911e-01 3.695579543590000071e+02 1.430527273062999996e+02
4.324999999999999956e-01 3.621915188364999949e+02 1.402731390540999996e+02
4.375000000000000000e-01 3.526450508340000169e+02 1.350915288612999916e+02
4.425000000000000044e-01 3.462872184764000281e+02 1.260636437044999951e+02
4.475000000000000089e-01 3.373228704133999827e+02 1.230410900913000063e+02
4.525000000000000133e-01 3.309025497407999978e+02 1.086822838177999984e+02
4.575000000000000178e-01 3.219114798502999975e+02 1.083675893887999990e+02
4.625000000000000222e-01 3.165552027365999948e+02 1.053560596307000026e+02
4.675000000000000266e-01 3.076162539251999988e+02 1.070699006529000030e+02
4.724999999999999756e-01 3.030095213654000190e+02 9.067543863225000678e+01
4.774999999999999800e-01 2.955845529791000104e+02 8.782510358956000118e+01
4.824999999999999845e-01 2.902128252534000126e+02 8.788977896563000058e+01
4.874999999999999889e-01 2.823891984667999964e+02 8.338940299243000709e+01
4.924999999999999933e-01 2.779226240590999737e+02 8.267845431694999547e+01
4.974999999999999978e-01 2.691299175467000282e+02 7.055553023337999718e+01
5.024999999999999467e-01 2.658818766017000144e+02 7.479986658408999745e+01
5.074999999999999512e-01 2.597031115277999902e+02 7.193130445183000177e+01
5.124999999999999556e-01 2.571740018937999821e+02 6.992821888215000570e+01
5.174999999999999600e-01 2.504888820843999895e+02 5.923568244791999859e+01
5.224999999999999645e-01 2.451565206946000046e+02 6.118870406458999867e+01
5.274999999999999689e-01 2.415943793085000095e+02 5.998410298166999866e+01
5.324999999999999734e-01 2.373162302707999913e+02 5.579685629043999739e+01
5.374999999999999778e-01 2.333084703650000051e+02 5.754986740441999871e+01
5.424999999999999822e-01 2.283186834685999997e+02 5.337799621250000115e+01
5.474999999999999867e-01 2.231156360363999909e+02 4.612676499330999746e+01
5.524999999999999911e-01 2.191516044473999898e+02 4.399166535076000173e+01
5.574999999999999956e-01 2.139204297183999870e+02 4.211523836322000136e+01
5.625000000000000000e-01 2.116167891634999876e+02 3.882037307416999994e+01
5.675000000000000044e-01 2.053125935635000019e+02 3.997230745712000299e+01
5.725000000000000089e-01 2.047351507847999983e+02 3.825786685008999655e+01
5.775000000000000133e-01 2.010847099906999915e+02 3.245881895659999827e+01
5.825000000000000178e-01 1.962924450184999898e+02 3.430679942127000004e+01
5.875000000000000222e-01 1.930651788753999938e+02 3.587009594685999758e+01
5.925000000000000266e-01 1.917323375796999869e+02 3.029984399962999930e+01
5.975000000000000311e-01 1.864576641422000023e+02 2.576716463444000027e+01
6.025000000000000355e-01 1.829933124435999900e+02 2.405025785416999895e+01
6.075000000000000400e-01 1.791455631999999980e+02 2.234378432251000035e+01
6.125000000000000444e-01 1.766510348381000028e+02 2.427697692086000103e+01
6.175000000000000488e-01 1.742894575983000038e+02 1.752168859393000133e+01
6.225000000000000533e-01 1.710757226769999875e+02 1.962175249886000117e+01
6.274999999999999467e-01 1.666733728231000100e+02 2.167550340053999847e+01
6.324999999999999512e-01 1.639675136445000021e+02 1.685934813256000098e+01
6.374999999999999556e-01 1.621918771063999998e+02 1.635546655525000048e+01
6.424999999999999600e-01 1.600090134227999954e+02 1.465113087405000059e+01
6.474999999999999645e-01 1.583067303493999987e+02 1.353365849132000065e+01
6.524999999999999689e-01 1.546473830335999935e+02 1.062780042282000004e+01
6.574999999999999734e-01 1.525929609030000051e+02 9.924476801748999932e+00
6.624999999999999778e-01 1.489878172201999860e+02 8.460328430925999399e+00
6.674999999999999822e-01 1.470005448134000119e+02 6.949906017154000359e+00
6.724999999999999867e-01 1.443760597145000020e+02 9.470489808285000422e+00
6.774999999999999911e-01 1.422585158829000136e+02 7.471290973600999585e+00
6.824999999999999956e-01 1.414866097590000038e+02 2.593786683105999913e+00
6.875000000000000000e-01 1.395537728777999860e+02 5.315184615405000201e+00
6.925000000000000044e-01 1.377791668067000046e+02 1.608460286941999939e+00
6.975000000000000089e-01 1.345363073613999916e+02 2.544659882072000112e+00
7.025000000000000133e-01 1.322026532405000125e+02 1.958237757965999970e+00
7.075000000000000178e-01 1.310288721901999907e+02 1.731035428051999947e+00
7.125000000000000222e-01 1.289282555526999943e+02 -1.244555727482000052e+00
7.175000000000000266e-01 1.268769496543999935e+02 -2.261117525044999965e+00
7.225000000000000311e-01 1.249613571181999987e+02 5.024143754136000117e-01
7.275000000000000355e-01 1.240276329060999956e+02 -2.923998827943000034e+00
7.325000000000000400e-01 1.215789891010000048e+02 -3.537113946099999851e+00
7.375000000000000444e-01 1.204212633230000051e+02 -5.284804741120000315e+00
7.425000000000000488e-01 1.185141800640000014e+02 -4.039778596039999670e+00
7.475000000000000533e-01 1.170113702216000036e+02 -2.393706081497000149e+00
7.524999999999999467e-01 1.148701828892999970e+02 -3.367589149650000113e+00
7.574999999999999512e-01 1.130639809374000038e+02 -7.391347882238999745e+00
7.624999999999999556e-01 1.112721217285999984e+02 -6.585696895883000224e+00
7.674999999999999600e-01 1.100352028647999987e+02 -6.292316520737999852e+00
7.724999999999999645e-01 1.091222391501000004e+02 -7.269371535876000046e+00
7.774999999999999689e-01 1.072977792653999956e+02 -9.181644743521999885e+00
7.824999999999999734e-01 1.061733121442999987e+02 -1.048118923424999949e+01
7.874999999999999778e-01 1.042974891118000045e+02 -1.025133552774000023e+01
7.924999999999999822e-01 1.034214496337000071e+02 -1.158262190788000012e+01
7.974999999999999867e-01 1.020894194478999992e+02 -1.227493610870000040e+01
