2.500000000000000052e-03 8.639170479418000468e+03 1.219643753264000043e+04
7.499999999999999722e-03 1.853381184185000166e+04 1.726253812405999997e+04
1.250000000000000069e-02 2.107958581896000032e+04 1.138155622652999955e+04
1.750000000000000167e-02 2.080262839909999821e+04 1.641280810266999833e+04
2.249999999999999917e-02 1.972418848468999931e+04 1.518097772355999950e+04
2.750000000000000014e-02 1.650967592859000069e+04 1.355906372487000044e+04
3.250000000000000111e-02 1.510061657727999955e+04 1.417467640609000046e+04
3.749999999999999861e-02 1.249763409900000079e+04 9.762834253504999651e+03
4.250000000000000305e-02 1.129306007028000022e+04 9.171825411641999381e+03
4.750000000000000056e-02 1.051740290246999939e+04 6.922551731169999584e+03
5.249999999999999806e-02 9.398849939699999595e+03 6.886076829196999824e+03
5.750000000000000250e-02 8.879950159751000683e+03 5.835927349431000039e+03
6.250000000000000000e-02 8.492421140181999363e+03 6.423560506523999720e+03
6.750000000000000444e-02 7.889290412092000224e+03 6.681064940913000100e+03
7.249999999999999500e-02 7.227914309965999564e+03 5.198723312273000374e+03
7.749999999999999944e-02 6.531960038539000379e+03 4.668011757287999899e+03
8.250000000000000389e-02 6.025950273436999851e+03 4.372026924343000246e+03
8.749999999999999445e-02 5.446644735971000046e+03 4.232769650090000141e+03
9.249999999999999889e-02 5.042995200934999957e+03 3.562548357279999891e+03
9.750000000000000333e-02 4.494349271637999664e+03 3.209497484797000197e+03
1.024999999999999939e-01 4.146957682881999972e+03 3.147215457820000211e+03
1.074999999999999983e-01 3.957438574006000181e+03 2.958729452130000027e+03
1.125000000000000028e-01 3.679281189934999929e+03 2.705479482047000147e+03
1.174999999999999933e-01 3.532391046042000198e+03 2.477940764940000008e+03
1.224999999999999978e-01 3.342241989865000050e+03 2.403733484731999852e+03
1.275000000000000022e-01 3.242957589157999791e+03 2.206329741767000087e+03
1.325000000000000067e-01 3.045958653062999929e+03 2.167266165106999779e+03
1.375000000000000111e-01 2.905425658410999858e+03 2.020587743821000004e+03
1.424999999999999878e-01 2.693100469304999933e+03 1.833081726816999890e+03
1.474999999999999922e-01 2.561411171993000153e+03 1.750890363098000080e+03
1.524999999999999967e-01 2.366923908160999872e+03 1.627836558810000042e+03
1.575000000000000011e-01 2.217812077531999876e+03 1.539592176053000003e+03
1.625000000000000056e-01 2.114620322001000204e+03 1.468584204283999952e+03
1.675000000000000100e-01 2.029712991180000017e+03 1.418168266553999956e+03
1.724999999999999867e-01 1.900047302873000035e+03 1.348331632205999995e+03
1.774999999999999911e-01 1.839431441927999913e+03 1.251696141761000035e+03
1.824999999999999956e-01 1.792539666668000109e+03 1.188916651133999949e+03
1.875000000000000000e-01 1.688886211266999908e+03 1.106573907570000074e+03
1.925000000000000044e-01 1.645688963480999973e+03 1.042929202003999990e+03
1.975000000000000089e-01 1.567496313931000032e+03 1.028401056104999952e+03
2.025000000000000133e-01 1.490760328640999887e+03 9.362262677462999818e+02
2.074999999999999900e-01 1.433182875779999904e+03 9.037649025040000197e+02
2.124999999999999944e-01 1.381888013962000059e+03 9.127560305590000098e+02
2.174999999999999989e-01 1.326498141978999911e+03 8.690994645419000335e+02
2.225000000000000033e-01 1.272431327382000063e+03 8.100756394628000407e+02
2.275000000000000078e-01 1.199738050353000062e+03 7.567952488716000516e+02
2.325000000000000122e-01 1.164769234305000055e+03 7.287938572660999625e+02
2.374999999999999889e-01 1.116661429163000093e+03 6.937109328180999910e+02
2.424999999999999933e-01 1.083090420093999910e+03 7.062300614859999541e+02
2.474999999999999978e-01 1.040575432086000092e+03 6.631285550267999724e+02
2.525000000000000022e-01 1.007584223038999994e+03 5.769377375653000399e+02
2.575000000000000067e-01 9.708904402936000224e+02 5.674750398104999931e+02
2.625000000000000111e-01 9.441888067224999759e+02 5.544475604686999759e+02
2.675000000000000155e-01 9.091146686800000225e+02 5.439597097002000510e+02
2.725000000000000200e-01 8.801615416692000053e+02 5.128767430433999834e+02
2.775000000000000244e-01 8.542109770214000264e+02 5.017651647969000237e+02
2.824999999999999734e-01 8.182920126801000151e+02 4.663358410738999851e+02
2.874999999999999778e-01 7.964961957107000217e+02 4.578231148250000047e+02
2.924999999999999822e-01 7.720290259588000481e+02 4.461944140839000283e+02
2.974999999999999867e-01 7.551243719742999474e+02 4.225248898455000131e+02
3.024999999999999911e-01 7.233230472075999842e+02 3.936029395227999998e+02
3.074999999999999956e-01 6.932983268489999773e+02 3.883083834093999940e+02
3.125000000000000000e-01 6.801216848041999583e+02 3.738647048282999776e+02
3.175000000000000044e-01 6.549803111326999669e+02 3.367025290619000089e+02
3.225000000000000089e-01 6.353301158289999648e+02 3.381073935030000257e+02
3.275000000000000133e-01 6.181651218230000495e+02 3.114169641066999930e+02
3.325000000000000178e-01 6.058187157915999705e+02 3.126731693117000077e+02
3.375000000000000222e-01 5.915459821284999862e+02 3.070145675613999856e+02
3.425000000000000266e-01 5.704884516468999891e+02 2.874079128016999789e+02
3.474999999999999756e-01 5.574589883434000512e+02 2.748698481541999854e+02
3.524999999999999800e-01 5.384535399351000251e+02 2.644854159303000074e+02
3.574999999999999845e-01 5.270394420021000315e+02 2.494809696416999998e+02
3.624999999999999889e-01 5.129096170226999902e+02 2.395827432604999956e+02
3.674999999999999933e-01 5.031185435607000045e+02 2.281028312514000049e+02
3.724999999999999978e-01 4.868909554849000187e+02 2.261532730847999915e+02
3.775000000000000022e-01 4.706369490595999991e+02 2.116951734655000052e+02
3.825000000000000067e-01 4.584134469026000147e+02 2.090367115990000002e+02
3.875000000000000111e-01 4.521978651300000251e+02 2.009242995333999886e+02
3.925000000000000155e-01 4.377403137540999865e+02 1.902843543618000126e+02
3.975000000000000200e-01 4.280595445541000004e+02 1.759181659893000074e+02
4.025000000000000244e-01 4.159047840700000052e+02 1.697757932876999973e+02
4.074999999999999734e-01 4.064821481445999893e+02 1.626599877621999894e+02
4.124999999999999778e-01 3.971730846758999860e+02 1.630213019203999920e+02
4.174999999999999822e-01 3.881663859449000142e+02 1.524577155519999963e+02
4.224999999999999867e-01 3.799753598072999807e+02 1.440873051355000030e+02
4.274999999999999911e-01 3.735895616222999820e+02 1.407560831026000017e+02
4.324999999999999956e-01 3.632573799944000257e+02 1.284389610803999915e+02
4.375000000000000000e-01 3.531030140623000193e+02 1.347934093707000045e+02
4.425000000000000044e-01 3.461081636796000112e+02 1.231437955802999937e+02
4.475000000000000089e-01 3.357529661027999737e+02 1.183107896815999993e+02
4.525000000000000133e-01 3.303654666937999878e+02 1.128787159043999964e+02
4.575000000000000178e-01 3.233139444976000050e+02 1.091960008501999937e+02
4.625000000000000222e-01 3.164583249852000222e+02 1.053869553491000062e+02
4.675000000000000266e-01 3.078276460921999842e+02 9.826277918699000224e+01
4.724999999999999756e-01 3.032374736354000220e+02 9.665459071108999467e+01
4.774999999999999800e-01 2.960807037494000156e+02 9.170568103617999611e+01
4.824999999999999845e-01 2.913510071261000007e+02 8.395108246770999472e+01
4.874999999999999889e-01 2.847761700140999892e+02 8.286910845728000652e+01
4.924999999999999933e-01 2.785486433491000184e+02 8.008486915145999774e+01
4.974999999999999978e-01 2.697418623306999734e+02 7.946900082189000614e+01
5.024999999999999467e-01 2.673040777461999937e+02 7.536555079314000238e+01
5.074999999999999512e-01 2.612880523590999928e+02 6.921706201762999910e+01
5.124999999999999556e-01 2.557647244194999985e+02 6.596523648282000352e+01
5.174999999999999600e-01 2.510641485381999871e+02 6.316471635309000021e+01
5.224999999999999645e-01 2.453418857853000077e+02 5.757184179624999842e+01
5.274999999999999689e-01 2.400093541267000035e+02 5.879002173626999905e+01
5.324999999999999734e-01 2.359057793528000104e+02 5.616493620501999828e+01
5.374999999999999778e-01 2.323413163042999940e+02 4.882423708195999978e+01
5.424999999999999822e-01 2.281885209581000140e+02 4.881928514319999834e+01
5.474999999999999867e-01 2.222008424955999999e+02 4.765252716612000228e+01
5.524999999999999911e-01 2.196124276246999898e+02 4.618998287104000156e+01
5.574999999999999956e-01 2.145295601443999942e+02 4.170837772008000144e+01
5.625000000000000000e-01 2.136584656020999944e+02 4.163966588425999760e+01
5.675000000000000044e-01 2.058055479344000105e+02 3.538533861153000259e+01
5.725000000000000089e-01 2.030483045402999949e+02 4.194030243521000045e+01
5.775000000000000133e-01 1.990152976189999947e+02 3.237820011072000170e+01
5.825000000000000178e-01 1.963316888331000030e+02 3.363573342734999727e+01
5.875000000000000222e-01 1.939321666586999982e+02 3.343992742804000073e+01
5.925000000000000266e-01 1.910396992469999873e+02 3.208259157345000290e+01
5.975000000000000311e-01 1.869786832231000062e+02 2.577026966968000110e+01
6.025000000000000355e-01 1.827393006865000018e+02 2.678930465071999834e+01
6.075000000000000400e-01 1.795112200064000092e+02 2.308699464361000153e+01
6.125000000000000444e-01 1.762453661069999953e+02 2.266353933873000059e+01
6.175000000000000488e-01 1.743761239593000028e+02 2.206680920255999823e+01
6.225000000000000533e-01 1.719594793443000071e+02 1.784788746346000110e+01
6.274999999999999467e-01 1.663527157025999941e+02 1.657215380978000141e+01
6.324999999999999512e-01 1.648146213258000046e+02 1.872069556663999990e+01
6.374999999999999556e-01 1.625412778236000122e+02 1.843575345246999930e+01
6.424999999999999600e-01 1.608178650108000056e+02 1.152091583616999948e+01
6.474999999999999645e-01 1.585741660214000035e+02 1.426350877816000029e+01
6.524999999999999689e-01 1.533455536547999998e+02 1.083066927964000037e+01
6.574999999999999734e-01 1.533487435984000058e+02 9.663499138583999226e+00
6.624999999999999778e-01 1.500058979471000100e+02 1.042014700238000025e+01
6.674999999999999822e-01 1.475378192494000018e+02 1.030276258810999934e+01
6.724999999999999867e-01 1.450425464195000131e+02 9.636900260683999520e+00
6.774999999999999911e-01 1.441699822960999882e+02 7.349515551064000007e+00
6.824999999999999956e-01 1.405997948497999914e+02 6.721502533867999674e+00
6.875000000000000000e-01 1.393921062050000046e+02 4.739241185424999614e+00
6.925000000000000044e-01 1.376722370175000094e+02 2.254603392407999785e+00
6.975000000000000089e-01 1.335141105781999897e+02 5.344891445763000348e+00
7.025000000000000133e-01 1.334104200168999910e+02 -3.073725306589999984e-01
7.075000000000000178e-01 1.310193230131999940e+02 2.286425018150000099e+00
7.125000000000000222e-01 1.286555594264999911e+02 9.282460043995000021e-01
7.175000000000000266e-01 1.267833095874999998e+02 -2.646308611190999915e+00
7.225000000000000311e-01 1.252248179452000016e+02 -1.199530423741999918e+00
7.275000000000000355e-01 1.225049781519000049e+02 -4.896680146667000244e+00
7.325000000000000400e-01 1.211713523683999938e+02 -1.976777382949000073e+00
7.375000000000000444e-01 1.203693272297000050e+02 -1.282487386107999949e+00
7.425000000000000488e-01 1.193503359868000047e+02 -2.086725670170999969e+00
7.475000000000000533e-01 1.170336264676000013e+02 -2.291238199249999941e+00
7.524999999999999467e-01 1.153791597713999977e+02 -4.831216887981000241e+00
7.574999999999999512e-01 1.123353721452999991e+02 -4.916570167178999640e+00
7.624999999999999556e-01 1.123791340658000024e+02 -9.123509028368999907e+00
7.674999999999999600e-01 1.103642541496000007e+02 -7.655442907571000433e+00
7.724999999999999645e-01 1.081653701938000012e+02 -8.722010443363000576e+00
7.774999999999999689e-01 1.069425907564999960e+02 -9.910167915922999171e+00
7.824999999999999734e-01 1.068613138048000053e+02 -7.780506301514999556e+00
7.874999999999999778e-01 1.034249600963999995e+02 -8.316432415909000397e+00
7.924999999999999822e-01 1.041596212710999936e+02 -1.174332528649999929e+01
7.974999999999999867e-01 1.021345668483999987e+02 -8.299371997817999613e+00
