2.500000000000000052e-03 1.700094806231999974e+04 5.235776458003999869e+04
7.499999999999999722e-03 1.757124550721999913e+04 2.041679725741999937e+04
1.250000000000000069e-02 1.880785577503999957e+04 1.000352413902000080e+04
1.750000000000000167e-02 2.031736545472999933e+04 2.024932893920000060e+04
2.249999999999999917e-02 1.915364632464999886e+04 1.328815153968999948e+04
2.750000000000000014e-02 1.675860303191999992e+04 1.382128247299000031e+04
3.250000000000000111e-02 1.459661213173000033e+04 1.074845571738999934e+04
3.749999999999999861e-02 1.312489437727000040e+04 1.007275088639000023e+04
4.250000000000000305e-02 1.148556905817000006e+04 8.770002022140999543e+03
4.750000000000000056e-02 9.980275985951000621e+03 6.962306142907999856e+03
5.249999999999999806e-02 9.289040130297000360e+03 6.757272285334999651e+03
5.750000000000000250e-02 8.800259359366000353e+03 6.421796274481999717e+03
6.250000000000000000e-02 8.424991262465000545e+03 6.364501572258999659e+03
6.750000000000000444e-02 7.711895486114000050e+03 5.688497014294999644e+03
7.249999999999999500e-02 7.142868284219000088e+03 5.439924429693999627e+03
7.749999999999999944e-02 6.562998651431999861e+03 4.566239398059000450e+03
8.250000000000000389e-02 6.160016073562999736e+03 4.647016304800999933e+03
8.749999999999999445e-02 5.481337756552000428e+03 4.334790912682999988e+03
9.249999999999999889e-02 5.008909505546999753e+03 3.680614016178999918e+03
9.750000000000000333e-02 4.564818098018999990e+03 3.246333553060000213e+03
1.024999999999999939e-01 4.175428310354999667e+03 3.130587972540000010e+03
1.074999999999999983e-01 3.971564232200999868e+03 2.903868281537999792e+03
1.125000000000000028e-01 3.701015007945999969e+03 2.745015389454999877e+03
1.174999999999999933e-01 3.536835992990999785e+03 2.583857870581000043e+03
1.224999999999999978e-01 3.361254680559999997e+03 2.301924147645000176e+03
1.275000000000000022e-01 3.318147493003999898e+03 2.332070987931000218e+03
1.325000000000000067e-01 3.025460462358999848e+03 1.998963595040999962e+03
1.375000000000000111e-01 2.935993913727999825e+03 2.105814228975999868e+03
1.424999999999999878e-01 2.743466129801000079e+03 1.852366606048999984e+03
1.474999999999999922e-01 2.543546721275999971e+03 1.750416589055000031e+03
1.524999999999999967e-01 2.357808135702000072e+03 1.674003062003999958e+03
1.575000000000000011e-01 2.223271671501000128e+03 1.617478013116000056e+03
1.625000000000000056e-01 2.103657150407999779e+03 1.443717445520999945e+03
1.675000000000000100e-01 2.024094124669999928e+03 1.410789685018999990e+03
1.724999999999999867e-01 1.901425222290999955e+03 1.301106617897999968e+03
1.774999999999999911e-01 1.817099947697000061e+03 1.200743578628000023e+03
1.824999999999999956e-01 1.766212582707999900e+03 1.185560228122999888e+03
1.875000000000000000e-01 1.715829541507999920e+03 1.123539055721000068e+03
1.925000000000000044e-01 1.635104818847999923e+03 1.065308950118999974e+03
1.975000000000000089e-01 1.579902516239000079e+03 1.013073512439999945e+03
2.025000000000000133e-01 1.500421705093999890e+03 9.500134451769999941e+02
2.074999999999999900e-01 1.441432648112999914e+03 8.816040557989999797e+02
2.124999999999999944e-01 1.363457271678000097e+03 8.683756889751000472e+02
2.174999999999999989e-01 1.320214064270000108e+03 8.464622729169999502e+02
2.225000000000000033e-01 1.252802791944000091e+03 8.246252117395999903e+02
2.275000000000000078e-01 1.201589220132000037e+03 7.615515993008000351e+02
2.325000000000000122e-01 1.151288798625000027e+03 7.246366843373000393e+02
2.374999999999999889e-01 1.107682117655999946e+03 6.889535637576000227e+02
2.424999999999999933e-01 1.070375238197000044e+03 6.507911864451999691e+02
2.474999999999999978e-01 1.044822420546000103e+03 6.322378705242999786e+02
2.525000000000000022e-01 1.003102495453999950e+03 6.032267210848999639e+02
2.575000000000000067e-01 9.742964826918999961e+02 5.842190099455000336e+02
2.625000000000000111e-01 9.425907996071999833e+02 5.589859665044000394e+02
2.675000000000000155e-01 9.084162750189000235e+02 5.041911152102999836e+02
2.725000000000000200e-01 8.739240044399000453e+02 4.970812299837999717e+02
2.775000000000000244e-01 8.526751893652999570e+02 4.931040032371000166e+02
2.824999999999999734e-01 8.205530543029000228e+02 4.842370519090000016e+02
2.874999999999999778e-01 7.923478805946000421e+02 4.319586523227000043e+02
2.924999999999999822e-01 7.706951958931000490e+02 4.424412732534000270e+02
2.974999999999999867e-01 7.456949897235999742e+02 4.343683153686000082e+02
3.024999999999999911e-01 7.231790536429999747e+02 4.038045488125999896e+02
3.074999999999999956e-01 7.025768950220999614e+02 3.939666131091000238e+02
3.125000000000000000e-01 6.791478703294000070e+02 3.551598313673000007e+02
3.175000000000000044e-01 6.621543551572000297e+02 3.481347428734999880e+02
3.225000000000000089e-01 6.345348848899999439e+02 3.455981958931999998e+02
3.275000000000000133e-01 6.223489087202000292e+02 3.197444037806000097e+02
3.325000000000000178e-01 6.045354397198999550e+02 3.282304021890000172e+02
3.375000000000000222e-01 5.842778167277000421e+02 2.872888988067999776e+02
3.425000000000000266e-01 5.730330259500999546e+02 2.813173525725999866e+02
3.474999999999999756e-01 5.544021839145000285e+02 2.805013491376000161e+02
3.524999999999999800e-01 5.397088788055999657e+02 2.678086892649000106e+02
3.574999999999999845e-01 5.245253743921999785e+02 2.649165121163999856e+02
3.624999999999999889e-01 5.081098015549999900e+02 2.450845271672000081e+02
3.674999999999999933e-01 4.975043440778999866e+02 2.270161780601000032e+02
3.724999999999999978e-01 4.847053833959000144e+02 2.158267351958000120e+02
3.775000000000000022e-01 4.730849384275999796e+02 2.039459082575000082e+02
3.825000000000000067e-01 4.643423664188999851e+02 2.081292055305999895e+02
3.875000000000000111e-01 4.469010762634000002e+02 1.991928455473000099e+02
3.925000000000000155e-01 4.387556354686000191e+02 2.064464155541000139e+02
3.975000000000000200e-01 4.279272643448999816e+02 1.804287440301999936e+02
4.025000000000000244e-01 4.178285380752000151e+02 1.716023030602999881e+02
4.074999999999999734e-01 4.073608542406000197e+02 1.684545213796999974e+02
4.124999999999999778e-01 3.955756296777000216e+02 1.593472318563999863e+02
4.174999999999999822e-01 3.879941178894999894e+02 1.597645540277000009e+02
4.224999999999999867e-01 3.751876044655999749e+02 1.467551205299999992e+02
4.274999999999999911e-01 3.688345845159000191e+02 1.440577537545999860e+02
4.324999999999999956e-01 3.628980811775999769e+02 1.353720254154999907e+02
4.375000000000000000e-01 3.541872642951000216e+02 1.291585479754000119e+02
4.425000000000000044e-01 3.466696459030000028e+02 1.221382120266000015e+02
4.475000000000000089e-01 3.370664181303000078e+02 1.193576901974000037e+02
4.525000000000000133e-01 3.294729336371000272e+02 1.169542455399000005e+02
4.575000000000000178e-01 3.217196512492000124e+02 1.100842962409000023e+02
4.625000000000000222e-01 3.138457363407999878e+02 1.078243318327999987e+02
4.675000000000000266e-01 3.099543342536999830e+02 1.042755941722000017e+02
4.724999999999999756e-01 2.997373836772000004e+02 9.617771413495999866e+01
4.774999999999999800e-01 2.949396255399000211e+02 8.873988220732999821e+01
4.824999999999999845e-01 2.905165871648999882e+02 9.010656404275999876e+01
4.874999999999999889e-01 2.834355206475000273e+02 8.120483729957000207e+01
4.924999999999999933e-01 2.786755729568999982e+02 7.898721966217999579e+01
4.974999999999999978e-01 2.751195759669000154e+02 7.990017888047999861e+01
5.024999999999999467e-01 2.665146733862000019e+02 7.213836854664999976e+01
5.074999999999999512e-01 2.606746648487999778e+02 6.752580974786999946e+01
5.124999999999999556e-01 2.556681783742999983e+02 6.550782744775000310e+01
5.174999999999999600e-01 2.508802542674999927e+02 6.577412330983000288e+01
5.224999999999999645e-01 2.452506938068000011e+02 6.154525552321000248e+01
5.274999999999999689e-01 2.406423025082999914e+02 5.589929338100999701e+01
5.324999999999999734e-01 2.368247933064999984e+02 5.518854994883000131e+01
5.374999999999999778e-01 2.328922634776000109e+02 5.313586756611000084e+01
5.424999999999999822e-01 2.293572894790999896e+02 4.880183050258000321e+01
5.474999999999999867e-01 2.259628008793000049e+02 4.616438647561000153e+01
5.524999999999999911e-01 2.184309306492999951e+02 4.661381238165999719e+01
5.574999999999999956e-01 2.144968827579999981e+02 4.702684505298000062e+01
5.625000000000000000e-01 2.108539217963999874e+02 4.349246230746000208e+01
5.675000000000000044e-01 2.093797367633000022e+02 4.123061570405999987e+01
5.725000000000000089e-01 2.055438213772000040e+02 3.603913002435999857e+01
5.775000000000000133e-01 1.989610117882999987e+02 3.640448468625999823e+01
5.825000000000000178e-01 1.959728039947999889e+02 3.369295218884000320e+01
5.875000000000000222e-01 1.921342050759000131e+02 3.115684259741999895e+01
5.925000000000000266e-01 1.884564330956000049e+02 2.847628127376000151e+01
5.975000000000000311e-01 1.862785699329000124e+02 2.925023436272000055e+01
6.025000000000000355e-01 1.820653651954999930e+02 2.552480680776999833e+01
6.075000000000000400e-01 1.787521033907999879e+02 1.981848001808999982e+01
6.125000000000000444e-01 1.769471777427999939e+02 2.235015203853999921e+01
6.175000000000000488e-01 1.745478628646999937e+02 2.104797653740000030e+01
6.225000000000000533e-01 1.707129809593000118e+02 1.804111482256000087e+01
6.274999999999999467e-01 1.684991969833999974e+02 1.732731296142999966e+01
6.324999999999999512e-01 1.658642299040000125e+02 1.725242812204000131e+01
6.374999999999999556e-01 1.627354439853000088e+02 1.349447644462000007e+01
6.424999999999999600e-01 1.593517583800999944e+02 1.249700724168000043e+01
6.474999999999999645e-01 1.566172030204000123e+02 9.838251907977999977e+00
6.524999999999999689e-01 1.562386389954999970e+02 1.145401510305999970e+01
6.574999999999999734e-01 1.512637135800999886e+02 1.155381609992000058e+01
6.624999999999999778e-01 1.501681022571000028e+02 1.186297211443000066e+01
6.674999999999999822e-01 1.472460767309999881e+02 7.705835359860000011e+00
6.724999999999999867e-01 1.455655803921999905e+02 7.969006965272999565e+00
6.774999999999999911e-01 1.437170145926999965e+02 8.354123067334999320e+00
6.824999999999999956e-01 1.418836542990999874e+02 6.483517615160000247e+00
6.875000000000000000e-01 1.396878358367000033e+02 5.763711217790000063e+00
6.925000000000000044e-01 1.367612493158000007e+02 2.834184671066999783e+00
6.975000000000000089e-01 1.349562653950999902e+02 4.825400583105000224e-02
7.025000000000000133e-01 1.310866392995999945e+02 2.869856364060999976e+00
7.075000000000000178e-01 1.312746243736999929e+02 3.620547624843999945e-01
7.125000000000000222e-01 1.289459719330999974e+02 -3.795218050848999880e+00
7.175000000000000266e-01 1.251432395208999964e+02 8.464460556827999582e-01
7.225000000000000311e-01 1.243687573568000033e+02 -1.154320107256999961e+00
7.275000000000000355e-01 1.224364757871999956e+02 -2.258323758640000012e+00
7.325000000000000400e-01 1.210880213341000058e+02 -1.360392255228999980e+00
7.375000000000000444e-01 1.191121223548999950e+02 -4.636656850188000334e+00
7.425000000000000488e-01 1.184038760863000022e+02 -2.767073258688999893e+00
7.475000000000000533e-01 1.149318050777000053e+02 -4.582952984561000420e+00
7.524999999999999467e-01 1.140885155394999941e+02 -5.004327519861999640e+00
7.574999999999999512e-01 1.130046684116999955e+02 -7.491126809286999588e+00
7.624999999999999556e-01 1.112185435717999979e+02 -8.164198289620999915e+00
7.674999999999999600e-01 1.095809071614999937e+02 -5.762166605262000196e+00
7.724999999999999645e-01 1.092164574778999935e+02 -8.820640692638999525e+00
7.774999999999999689e-01 1.075219213256000046e+02 -7.261962722984000251e+00
7.824999999999999734e-01 1.050965355035999949e+02 -8.601631490500000865e+00
7.874999999999999778e-01 1.039886042101999948e+02 -8.170230013055000740e+00
7.924999999999999822e-01 1.023082477965999999e+02 -7.960691224356000184e+00
7.974999999999999867e-01 1.011907374169999940e+02 -7.466840621071000328e+00
