2.500000000000000052e-03 1.132297773065000001e+04 1.726229541025000071e+04
7.499999999999999722e-03 1.628071878128999924e+04 5.925012130580000303e+03
1.250000000000000069e-02 1.571918723336000039e+04 5.502692342248999921e+03
1.750000000000000167e-02 1.886026259809999829e+04 1.193577345652999975e+04
2.249999999999999917e-02 1.852397656347999873e+04 1.313748098715999913e+04
2.750000000000000014e-02 1.708077736184999958e+04 1.212224555062000036e+04
3.250000000000000111e-02 1.468557903278999947e+04 1.013211686143000043e+04
3.749999999999999861e-02 1.296094025585999952e+04 9.218231037225999899e+03
4.250000000000000305e-02 1.135931837608999922e+04 8.755078806289000568e+03
4.750000000000000056e-02 9.895306884618999902e+03 6.235087235193999732e+03
5.249999999999999806e-02 9.419957360706999680e+03 7.172363022186000308e+03
5.750000000000000250e-02 8.991289153329000328e+03 7.105473056150000048e+03
6.250000000000000000e-02 8.070405752478999602e+03 6.146872987273999570e+03
6.750000000000000444e-02 7.558890628506999747e+03 5.847581633912999678e+03
7.249999999999999500e-02 7.339063778609000110e+03 5.218337831066999570e+03
7.749999999999999944e-02 6.562354707872000290e+03 4.848870900353000252e+03
8.250000000000000389e-02 6.104373529712000163e+03 4.306654463662999660e+03
8.749999999999999445e-02 5.458835330935999991e+03 4.104687379085000430e+03
9.249999999999999889e-02 5.126992289689000245e+03 3.701882911815000170e+03
9.750000000000000333e-02 4.476414349527999548e+03 3.196069920671000091e+03
1.024999999999999939e-01 4.247813672958999632e+03 3.102438308998000139e+03
1.074999999999999983e-01 3.897608379250999860e+03 2.815704943377999825e+03
1.125000000000000028e-01 3.680338040475000071e+03 2.585679545743999824e+03
1.174999999999999933e-01 3.529208824960000129e+03 2.578248260366000068e+03
1.224999999999999978e-01 3.396752769830000034e+03 2.387780344309000156e+03
1.275000000000000022e-01 3.223249935766999897e+03 2.396141994660999899e+03
1.325000000000000067e-01 3.051015214518999983e+03 1.959148025497999924e+03
1.375000000000000111e-01 2.943211796903000049e+03 2.093171233931000188e+03
1.424999999999999878e-01 2.692694974597000055e+03 1.792340517066000075e+03
1.474999999999999922e-01 2.566762397934000091e+03 1.712323080763999997e+03
1.524999999999999967e-01 2.365315556368000216e+03 1.654736975988000040e+03
1.575000000000000011e-01 2.221449127972000042e+03 1.525929182358999924e+03
1.625000000000000056e-01 2.092828583746999811e+03 1.442467181729000004e+03
1.675000000000000100e-01 2.000337765904999969e+03 1.352520649090999996e+03
1.724999999999999867e-01 1.912730943122000099e+03 1.335759416505999980e+03
1.774999999999999911e-01 1.820430845829999953e+03 1.206563614469999948e+03
1.824999999999999956e-01 1.757576294047999909e+03 1.179642591274000097e+03
1.875000000000000000e-01 1.689863553099999990e+03 1.088281620541999928e+03
1.925000000000000044e-01 1.626397942500999989e+03 1.037614952422999977e+03
1.975000000000000089e-01 1.571862453361000007e+03 1.031057571710000047e+03
2.025000000000000133e-01 1.510850264578999941e+03 9.835195162287000130e+02
2.074999999999999900e-01 1.437166680338000106e+03 8.970925557665000269e+02
2.124999999999999944e-01 1.380974392588999990e+03 8.812160365500000125e+02
2.174999999999999989e-01 1.322071640941999931e+03 8.325277376034000554e+02
2.225000000000000033e-01 1.257583842617000073e+03 7.821751297501000408e+02
2.275000000000000078e-01 1.205307332627000051e+03 7.714800783701999762e+02
2.325000000000000122e-01 1.156125854386999890e+03 7.353515611348000220e+02
2.374999999999999889e-01 1.110745437884000012e+03 7.048898696262999692e+02
2.424999999999999933e-01 1.072275456159999976e+03 6.581416405357999793e+02
2.474999999999999978e-01 1.035019671398999890e+03 6.199771592934999944e+02
2.525000000000000022e-01 9.958572465710000188e+02 5.841437212014000124e+02
2.575000000000000067e-01 9.706684089432000064e+02 5.653849235430000135e+02
2.625000000000000111e-01 9.467312073942000552e+02 5.500671496769999749e+02
2.675000000000000155e-01 9.143017582502000096e+02 5.322879846194000493e+02
2.725000000000000200e-01 8.789741718604000198e+02 4.965415979829999742e+02
2.775000000000000244e-01 8.502727714205999519e+02 4.536323974764000013e+02
2.824999999999999734e-01 8.222793818789000397e+02 4.726990618500000210e+02
2.874999999999999778e-01 7.958443395878000501e+02 4.541083728862000157e+02
2.924999999999999822e-01 7.651065947867999739e+02 4.246713048454000159e+02
2.974999999999999867e-01 7.474146839229999841e+02 4.167420453958000053e+02
3.024999999999999911e-01 7.186500408243000493e+02 3.780157496217000244e+02
3.074999999999999956e-01 7.038926630232999742e+02 3.896867882601000019e+02
3.125000000000000000e-01 6.785870824313999492e+02 3.617012960606999741e+02
3.175000000000000044e-01 6.562683007501000247e+02 3.393711034112000107e+02
3.225000000000000089e-01 6.478239737802000491e+02 3.390401266209000255e+02
3.275000000000000133e-01 6.235573988193999639e+02 3.226819542703000252e+02
3.325000000000000178e-01 6.040531499804000077e+02 3.139331833673999768e+02
3.375000000000000222e-01 5.889923553528999491e+02 2.908094286882000006e+02
3.425000000000000266e-01 5.650210016518999510e+02 2.718259453205999989e+02
3.474999999999999756e-01 5.563118160855999577e+02 2.613265132326000071e+02
3.524999999999999800e-01 5.411016721132000384e+02 2.730835124898000004e+02
3.574999999999999845e-01 5.243972691067999676e+02 2.568828504548999945e+02
3.624999999999999889e-01 5.139375442030000158e+02 2.484544100537999896e+02
3.674999999999999933e-01 4.992301381886999820e+02 2.336096665032999908e+02
3.724999999999999978e-01 4.864371654627000225e+02 2.160521614831999955e+02
3.775000000000000022e-01 4.711956892110999888e+02 2.080491344268000091e+02
3.825000000000000067e-01 4.646800564819000101e+02 2.016604182094999942e+02
3.875000000000000111e-01 4.494839022507999857e+02 1.953987086362000127e+02
3.925000000000000155e-01 4.394807340405000105e+02 2.004287360063999870e+02
3.975000000000000200e-01 4.285403103597000154e+02 1.771735927713000081e+02
4.025000000000000244e-01 4.177161703625000087e+02 1.774754317750000041e+02
4.074999999999999734e-01 4.074103932168000028e+02 1.711058770239000069e+02
4.124999999999999778e-01 3.990646372622999820e+02 1.647837310671999944e+02
4.174999999999999822e-01 3.900506355941000152e+02 1.605641066512999942e+02
4.224999999999999867e-01 3.777105813159000149e+02 1.464921385559999862e+02
4.274999999999999911e-01 3.705462124262999737e+02 1.409627140311000062e+02
4.324999999999999956e-01 3.621635649070000227e+02 1.325698982739999963e+02
4.375000000000000000e-01 3.501239640155000075e+02 1.298849483360000079e+02
4.425000000000000044e-01 3.452149238075999733e+02 1.212260746612000020e+02
4.475000000000000089e-01 3.362027598317999946e+02 1.237818055627000007e+02
4.525000000000000133e-01 3.271349962864999839e+02 1.171693105299000024e+02
4.575000000000000178e-01 3.244659293453000259e+02 1.062590293537000008e+02
4.625000000000000222e-01 3.152958092610999756e+02 1.044747370941000071e+02
4.675000000000000266e-01 3.100035412404000112e+02 1.017007927081999981e+02
4.724999999999999756e-01 3.039843042237000077e+02 1.007782652604000049e+02
4.774999999999999800e-01 2.993970653953999772e+02 8.968756986741999526e+01
4.824999999999999845e-01 2.913523655120000058e+02 8.508292925870999568e+01
4.874999999999999889e-01 2.837037731354000130e+02 8.274656755562999422e+01
4.924999999999999933e-01 2.786786956299000053e+02 7.783435192585000095e+01
4.974999999999999978e-01 2.720568119426000067e+02 7.666363482072000579e+01
5.024999999999999467e-01 2.664285867903000167e+02 7.434881552084000589e+01
5.074999999999999512e-01 2.605456962952000026e+02 7.407817044025999564e+01
5.124999999999999556e-01 2.576535539925999956e+02 6.690042139275000466e+01
5.174999999999999600e-01 2.505859401456999933e+02 6.179893867356000214e+01
5.224999999999999645e-01 2.456200922845999912e+02 6.249854444167999645e+01
5.274999999999999689e-01 2.427015057714000079e+02 5.885549798715000236e+01
5.324999999999999734e-01 2.363585133242999916e+02 5.740834060654999860e+01
5.374999999999999778e-01 2.315645788214000049e+02 5.420548774889999777e+01
5.424999999999999822e-01 2.277997956508000073e+02 5.342020961910999688e+01
5.474999999999999867e-01 2.241110338807999938e+02 5.417159077595999861e+01
5.524999999999999911e-01 2.191450025157000141e+02 4.565666112174999824e+01
5.574999999999999956e-01 2.170505698327000061e+02 4.297142985539999671e+01
5.625000000000000000e-01 2.131365215339000088e+02 4.020982675508000170e+01
5.675000000000000044e-01 2.070737348575999874e+02 3.768111524219000330e+01
5.725000000000000089e-01 2.020322994091999931e+02 3.558839120260000044e+01
5.775000000000000133e-01 2.006315558105999912e+02 3.256964029518000103e+01
5.825000000000000178e-01 1.949182666375999986e+02 3.546203649644999700e+01
5.875000000000000222e-01 1.939164103759999875e+02 3.034109317344000090e+01
5.925000000000000266e-01 1.874561192564000009e+02 3.018480161356000124e+01
5.975000000000000311e-01 1.871564903754999989e+02 2.401227317340000056e+01
6.025000000000000355e-01 1.828064897998999925e+02 2.682211051015000081e+01
6.075000000000000400e-01 1.799186757898000053e+02 2.326165955388000128e+01
6.125000000000000444e-01 1.763547745461000034e+02 2.535625288694999924e+01
6.175000000000000488e-01 1.736395447593999961e+02 2.008576014516999919e+01
6.225000000000000533e-01 1.720538769810999895e+02 1.999901997770000150e+01
6.274999999999999467e-01 1.691311002408000093e+02 1.782313435641999888e+01
6.324999999999999512e-01 1.662129250897000077e+02 1.605046397690000148e+01
6.374999999999999556e-01 1.632601753502999884e+02 1.346377548435000016e+01
6.424999999999999600e-01 1.597531561796999995e+02 1.314602126557000084e+01
6.474999999999999645e-01 1.577024983633999966e+02 1.344374436967999920e+01
6.524999999999999689e-01 1.541939366761000088e+02 1.126880352581999922e+01
6.574999999999999734e-01 1.521981520061999902e+02 9.279047693821999232e+00
6.624999999999999778e-01 1.500168155021000018e+02 9.415287501245000357e+00
6.674999999999999822e-01 1.475460595854000019e+02 8.296649472340000386e+00
6.724999999999999867e-01 1.461479025305000050e+02 8.865381315051999778e+00
6.774999999999999911e-01 1.432153503167999986e+02 5.245243537983999893e+00
6.824999999999999956e-01 1.418772223956999881e+02 5.849064954252000348e+00
6.875000000000000000e-01 1.388769115441000110e+02 6.841689297211000387e+00
6.925000000000000044e-01 1.362072483299999988e+02 3.792607413808000150e+00
6.975000000000000089e-01 1.338901558331000103e+02 4.164553733272000180e+00
7.025000000000000133e-01 1.333029992929999992e+02 2.358094181558000102e+00
7.075000000000000178e-01 1.307354995064999912e+02 -2.659739687685000131e+00
7.125000000000000222e-01 1.291042843246999894e+02 -3.876039746087999727e-01
7.175000000000000266e-01 1.268101741402000044e+02 -2.069867831510999956e+00
7.225000000000000311e-01 1.250865360882999937e+02 -1.264674805689000037e+00
7.275000000000000355e-01 1.229144784939999937e+02 -1.299554301439999948e+00
7.325000000000000400e-01 1.223948051473000049e+02 -2.998819018340999953e+00
7.375000000000000444e-01 1.192011824854999986e+02 -3.342584388375000159e+00
7.425000000000000488e-01 1.179120456125999965e+02 -4.795379677967999577e+00
7.475000000000000533e-01 1.154508552467000015e+02 -6.462939428388000174e+00
7.524999999999999467e-01 1.158863326599000061e+02 -6.451055237071000370e+00
7.574999999999999512e-01 1.133283346365000028e+02 -7.482679084031000016e+00
7.624999999999999556e-01 1.118300323974000037e+02 -5.294930104912999980e+00
7.674999999999999600e-01 1.108422242972000049e+02 -8.075320974928999362e+00
7.724999999999999645e-01 1.089700549310999946e+02 -6.028285544135999707e+00
7.774999999999999689e-01 1.078180542875000043e+02 -5.791282608310999613e+00
7.824999999999999734e-01 1.059126608761000057e+02 -7.752957151577000161e+00
7.874999999999999778e-01 1.041596979229999960e+02 -7.650644389657999866e+00
7.924999999999999822e-01 1.027816916984999978e+02 -8.384473618228000191e+00
7.974999999999999867e-01 1.015182139631999974e+02 -9.704085078465000791e+00
