2.500000000000000052e-03 1.029506896555999992e+04 8.757457969040999160e+03
7.499999999999999722e-03 1.466479759474999992e+04 1.265545304939999914e+04
1.250000000000000069e-02 1.992955082784999831e+04 1.942093656779999947e+04
1.750000000000000167e-02 1.937716935034999915e+04 1.769507549985000151e+04
2.249999999999999917e-02 1.902600252850000106e+04 1.820631834804000027e+04
2.750000000000000014e-02 1.737462160601999858e+04 1.409545812486999966e+04
3.250000000000000111e-02 1.530605080988000009e+04 1.422292846576999909e+04
3.749999999999999861e-02 1.262445861793000040e+04 8.574829180290000295e+03
4.250000000000000305e-02 1.136755002210999919e+04 8.515452012555999318e+03
4.750000000000000056e-02 1.057473728282000047e+04 8.191403168804000416e+03
5.249999999999999806e-02 9.330361786547000520e+03 6.941227846746000068e+03
5.750000000000000250e-02 8.580106481905999317e+03 6.907525456622000092e+03
6.250000000000000000e-02 7.966682383104000110e+03 5.831727193413000350e+03
6.750000000000000444e-02 7.786117784977999690e+03 5.915383996253999612e+03
7.249999999999999500e-02 7.113615110179999647e+03 5.175650786942999730e+03
7.749999999999999944e-02 6.657429962328999864e+03 4.871423930074999589e+03
8.250000000000000389e-02 6.185159585694000270e+03 4.862920648708000044e+03
8.749999999999999445e-02 5.547149975874000120e+03 4.144196565338999790e+03
9.249999999999999889e-02 4.898093519222999930e+03 3.384901764740000090e+03
9.750000000000000333e-02 4.487039037419999659e+03 3.028744164413999897e+03
1.024999999999999939e-01 4.124602444062999894e+03 3.092990266764999888e+03
1.074999999999999983e-01 3.915737334884000120e+03 2.894083700053000030e+03
1.125000000000000028e-01 3.641854165333999845e+03 2.676898615712999799e+03
1.174999999999999933e-01 3.543800486798999827e+03 2.427727224231000037e+03
1.224999999999999978e-01 3.313402483481000218e+03 2.329417767769999955e+03
1.275000000000000022e-01 3.262903138305000084e+03 2.340407567708999977e+03
1.325000000000000067e-01 3.030500832233999972e+03 1.955192929393999975e+03
1.375000000000000111e-01 2.847172685762000128e+03 1.901846321158999899e+03
1.424999999999999878e-01 2.726823225024999829e+03 1.878447008998999991e+03
1.474999999999999922e-01 2.559956290270999943e+03 1.731886147703999995e+03
1.524999999999999967e-01 2.413403120536000188e+03 1.697783495505000019e+03
1.575000000000000011e-01 2.231502296726000168e+03 1.496406376138000041e+03
1.625000000000000056e-01 2.085143414400999973e+03 1.353679388688000017e+03
1.675000000000000100e-01 1.984097314869000002e+03 1.365282384270999955e+03
1.724999999999999867e-01 1.916580479935000085e+03 1.307949903540999912e+03
1.774999999999999911e-01 1.853032366953000064e+03 1.235519559256000093e+03
1.824999999999999956e-01 1.776418011400000069e+03 1.230847167619999937e+03
1.875000000000000000e-01 1.709141346760000033e+03 1.091308269311000004e+03
1.925000000000000044e-01 1.624684609039999941e+03 1.063058630027999925e+03
1.975000000000000089e-01 1.567163762091000081e+03 1.026636513996000076e+03
2.025000000000000133e-01 1.516043700643999955e+03 9.734716104517000304e+02
2.074999999999999900e-01 1.433204983154000047e+03 9.232468191983999759e+02
2.124999999999999944e-01 1.375584319304000019e+03 8.435774890776000348e+02
2.174999999999999989e-01 1.312585625962999984e+03 8.323161884191999889e+02
2.225000000000000033e-01 1.254935117581999975e+03 8.088777981997000097e+02
2.275000000000000078e-01 1.208922223091999967e+03 7.890527966769000159e+02
2.325000000000000122e-01 1.158670533430999967e+03 7.350748330751999902e+02
2.374999999999999889e-01 1.116021198250999987e+03 6.868720143803000155e+02
2.424999999999999933e-01 1.074606777675000103e+03 6.846249512581999852e+02
2.474999999999999978e-01 1.040713611377999996e+03 6.487779900176000183e+02
2.525000000000000022e-01 1.005895934723999972e+03 5.970282545290999678e+02
2.575000000000000067e-01 9.688209385784000460e+02 5.715508335562000184e+02
2.625000000000000111e-01 9.471666517224000472e+02 5.581278837556000099e+02
2.675000000000000155e-01 9.192846999644000334e+02 5.484598678698999947e+02
2.725000000000000200e-01 8.765562959996000245e+02 5.200951817466999501e+02
2.775000000000000244e-01 8.461062872269000081e+02 4.752787363848000268e+02
2.824999999999999734e-01 8.199542302103000111e+02 4.702207604866999873e+02
2.874999999999999778e-01 7.888339667505000534e+02 4.422026336577999928e+02
2.924999999999999822e-01 7.720235162789000469e+02 4.405188989214000230e+02
2.974999999999999867e-01 7.487102956164000034e+02 4.069451110608999898e+02
3.024999999999999911e-01 7.185317270525999902e+02 3.970853739336000103e+02
3.074999999999999956e-01 6.987013425758000267e+02 3.941017664976999981e+02
3.125000000000000000e-01 6.749359063591999757e+02 3.587568174959000089e+02
3.175000000000000044e-01 6.642557819910000489e+02 3.396868447324999920e+02
3.225000000000000089e-01 6.348783304521999753e+02 3.403969917310000142e+02
3.275000000000000133e-01 6.131696652291000191e+02 3.156932912244000136e+02
3.325000000000000178e-01 6.041112112659000104e+02 3.074009515468999894e+02
3.375000000000000222e-01 5.895850419969000313e+02 2.960425240847999930e+02
3.425000000000000266e-01 5.756713791787000218e+02 2.842863012477000098e+02
3.474999999999999756e-01 5.550110318073999451e+02 2.727379923548999727e+02
3.524999999999999800e-01 5.372053324810999584e+02 2.511340424754999958e+02
3.574999999999999845e-01 5.274778979845999629e+02 2.552004035584999997e+02
3.624999999999999889e-01 5.115086554508000063e+02 2.365643516220999913e+02
3.674999999999999933e-01 4.980845700358000272e+02 2.373429948739000110e+02
3.724999999999999978e-01 4.868741951571000186e+02 2.223031552957999963e+02
3.775000000000000022e-01 4.715654788808000148e+02 2.066520915218000027e+02
3.825000000000000067e-01 4.638746731781000108e+02 1.994853763460999971e+02
3.875000000000000111e-01 4.458972974672000191e+02 1.860057797721999862e+02
3.925000000000000155e-01 4.366947419336000280e+02 1.897537193103999869e+02
3.975000000000000200e-01 4.319577142824999783e+02 1.910206558273999917e+02
4.025000000000000244e-01 4.167181224975000191e+02 1.759770304971000030e+02
4.074999999999999734e-01 4.046259872832000042e+02 1.728512474395000140e+02
4.124999999999999778e-01 3.957178669494999781e+02 1.716793124213999988e+02
4.174999999999999822e-01 3.864355566653999858e+02 1.532712054730999967e+02
4.224999999999999867e-01 3.794802331555999899e+02 1.495454562662000058e+02
4.274999999999999911e-01 3.691539497067000184e+02 1.461673465320000105e+02
4.324999999999999956e-01 3.625596906298000022e+02 1.357538044803000048e+02
4.375000000000000000e-01 3.520237730709999937e+02 1.258094018836000032e+02
4.425000000000000044e-01 3.437471576205999781e+02 1.244559653838000060e+02
4.475000000000000089e-01 3.375970395946999929e+02 1.156346894845000008e+02
4.525000000000000133e-01 3.331873197544999812e+02 1.225625637655000020e+02
4.575000000000000178e-01 3.225124253751000083e+02 1.125342314701999982e+02
4.625000000000000222e-01 3.158290556527999797e+02 1.042087389744999939e+02
4.675000000000000266e-01 3.087004445515000270e+02 9.777234713055000270e+01
4.724999999999999756e-01 3.033994744528000069e+02 9.375492923568999970e+01
4.774999999999999800e-01 2.965179403149999757e+02 9.476820053564000546e+01
4.824999999999999845e-01 2.910145037194999986e+02 9.132414908943999876e+01
4.874999999999999889e-01 2.832099670678999814e+02 8.418008755597000459e+01
4.924999999999999933e-01 2.765755947988999992e+02 7.370381036853000012e+01
4.974999999999999978e-01 2.724597687292999808e+02 7.632241268655999988e+01
5.024999999999999467e-01 2.674425044600999968e+02 7.625965910684000448e+01
5.074999999999999512e-01 2.611862951000999828e+02 7.270291695292999634e+01
5.124999999999999556e-01 2.546551612558000102e+02 6.766332756286000460e+01
5.174999999999999600e-01 2.525768460953999863e+02 6.896254842051999390e+01
5.224999999999999645e-01 2.466525083095999946e+02 6.077619157137999650e+01
5.274999999999999689e-01 2.393941460583999969e+02 5.762282101473999774e+01
5.324999999999999734e-01 2.353672535581999909e+02 5.184824299454999874e+01
5.374999999999999778e-01 2.317584090143000140e+02 5.233885421147999750e+01
5.424999999999999822e-01 2.286438573995999946e+02 5.348639271102000237e+01
5.474999999999999867e-01 2.223708576608999863e+02 5.047732835359000347e+01
5.524999999999999911e-01 2.187522999088000120e+02 4.552104697936000122e+01
5.574999999999999956e-01 2.154576481921000095e+02 4.156574305200000197e+01
5.625000000000000000e-01 2.098955058722999922e+02 3.975643080135999696e+01
5.675000000000000044e-01 2.076797987619000025e+02 3.857241653487000121e+01
5.725000000000000089e-01 2.025767268452999872e+02 3.543090034712999881e+01
5.775000000000000133e-01 2.004045531058000051e+02 3.405210250860999821e+01
5.825000000000000178e-01 1.963317583628999898e+02 3.657191455142000081e+01
5.875000000000000222e-01 1.931210938456000008e+02 3.189333857115000015e+01
5.925000000000000266e-01 1.893942557883999882e+02 3.147519435168999991e+01
5.975000000000000311e-01 1.859786959195999998e+02 2.803145869816999891e+01
6.025000000000000355e-01 1.830150445866999860e+02 2.514511874440000128e+01
6.075000000000000400e-01 1.786919926454999938e+02 2.163920091920000033e+01
6.125000000000000444e-01 1.765325264054000058e+02 1.923246155781999889e+01
6.175000000000000488e-01 1.743223277289999942e+02 1.850505049479999897e+01
6.225000000000000533e-01 1.712789881529000127e+02 1.761834009024000025e+01
6.274999999999999467e-01 1.688963116543000069e+02 1.954039852205000116e+01
6.324999999999999512e-01 1.651622074930000110e+02 1.659990097984999835e+01
6.374999999999999556e-01 1.646830696300999932e+02 1.582444928702000020e+01
6.424999999999999600e-01 1.599750639041000113e+02 1.372986199730000045e+01
6.474999999999999645e-01 1.570320135588999904e+02 1.282239722455999953e+01
6.524999999999999689e-01 1.546564667440999870e+02 1.154379694986999993e+01
6.574999999999999734e-01 1.511921477960999880e+02 1.163440555719999914e+01
6.624999999999999778e-01 1.505459842921999893e+02 9.804349080093000879e+00
6.674999999999999822e-01 1.474203922664999880e+02 7.255620217171999897e+00
6.724999999999999867e-01 1.441606850025999904e+02 9.899637440513000541e+00
6.774999999999999911e-01 1.435439869534000081e+02 6.481139960120000154e+00
6.824999999999999956e-01 1.413789508609000052e+02 7.739498376835999949e+00
6.875000000000000000e-01 1.392252849982999976e+02 5.488008211660999613e+00
6.925000000000000044e-01 1.381917303236999999e+02 4.044354603622999811e+00
6.975000000000000089e-01 1.341421293246999937e+02 6.021634734552000490e-01
7.025000000000000133e-01 1.320238467648999858e+02 9.235448654164000182e-01
7.075000000000000178e-01 1.297311464599999908e+02 3.013069203473000002e+00
7.125000000000000222e-01 1.285175376173000075e+02 1.593464698613000080e-02
7.175000000000000266e-01 1.262396444048000035e+02 -3.975812165527000008e+00
7.225000000000000311e-01 1.251954429790000063e+02 -3.818839260673999814e+00
7.275000000000000355e-01 1.230244625523999957e+02 -4.817017049927000194e+00
7.325000000000000400e-01 1.213610490086999931e+02 -2.432861808098000012e+00
7.375000000000000444e-01 1.209759417666000019e+02 -1.682453508527000041e+00
7.425000000000000488e-01 1.186517138505000020e+02 -2.394787799491000069e+00
7.475000000000000533e-01 1.169263980178999986e+02 -3.760178460246000220e+00
7.524999999999999467e-01 1.143383772211000036e+02 -4.532575040750000284e+00
7.574999999999999512e-01 1.136226733591000055e+02 -7.633729180925000080e+00
7.624999999999999556e-01 1.118385327379999978e+02 -5.366758356251000173e+00
7.674999999999999600e-01 1.088863660913000047e+02 -6.806571063055000259e+00
7.724999999999999645e-01 1.083009091396999963e+02 -6.716880585799000158e+00
7.774999999999999689e-01 1.074653729145999961e+02 -6.095812951160000104e+00
7.824999999999999734e-01 1.052710619610000009e+02 -7.551419426638999788e+00
7.874999999999999778e-01 1.039510998690000037e+02 -9.311642484356999816e+00
7.924999999999999822e-01 1.020806068944999936e+02 -9.200559574264000062e+00
7.974999999999999867e-01 1.015369995836999948e+02 -7.478304599963999877e+00
